24,48,80,112,136,176,207,241,287,318,346,354,389,434,462,483,515,569,604,635,666,683,736,750,794,805,836,883,914,935,980,1008,1042,1084,1091,1137,1176,1188,1242,1252,1285,1336,1369,1380,1413,1452,1495,1506,1545,1588
1627,1650,1681,1700,1748,1774,1794,1850,1875,1891,1951,1979,1988,2023,2061,2107,2137,2157,2201,2216,2269,2281,2318,2364,2387,2407,2438,2465,2521,2530,2585,2601,2628,2679,2699,2737,2761,2793,2838,2868,2895,2915,2953,2988,3026,3061,3088,3124,3156,3175
3226,3256,3294,3319,3334,3378,3404,3438,3479,3505,3547,3580,3607,3628,3678,3697,3744,3752,3788,3819,3856,3881,3914,3943,3996,4019,4059,4071,4119,4156,4187,4212,4248,4288,4313,4332,4378,4401,4444,4457,4496,4541,4561,4603,4609,4643,4696,4718,4761,4795
4812,4839,4896,4905,4931,4968,5016,5031,5076,5095,5123,5184,5207,5239,5252,5289,5329,5358,5390,5431,5472,5489,5525,5543,5574,5615,5636,5666,5719,5747,5785,5813,5856,5865,5891,5940,5973,5995,6048,6080,6111,6141,6146,6181,6236,6241,6288,6327,6368,6374
6424,6449,6475,6509,6537,6570,6611,6631,6687,6704,6739,6766,6800,6818,6850,6882,6926,6962,6992,7030,7065,7098,7112,7155,7177,7204,7258,7286,7322,7358,7390,7393,7429,7459,7493,7533,7581,7607,7641,7652,7697,7722,7750,7808,7824,7868,7878,7921,7948,7978
8016,8057,8081,8112,8140,8166,8207,8253,8283,8291,8332,8366,8393,8435,8472,8482,8538,8546,8590,8639,8667,8681,8714,8764,8786,8830,8845,8881,8915,8942,8973,9007,9033,9064,9107,9145,9165,9197,9242,9278,9309,9331,9355,9404,9415,9470,9488,9510,9556,9600
9621,9648,9688,9718,9732,9772,9807,9835,9887,9892,9949,9979,9996,10039,10061,10107,10120,10159,10185,10233,10254,10289,10331,10338,10373,10430,10451,10480,10522,10557,10576,10604,10641,10687,10702,10736,10763,10800,10834,10868,10901,10933,10957,10999,11021,11051,11079,11113,11154,11185
11203,11243,11285,11298,11342,11391,11416,11452,11482,11504,11549,11562,11601,11621,11655,11688,11739,11758,11789,11814,11844,11884,11932,11957,11986,12023,12064,12074,12114,12144,12180,12195,12232,12275,12298,12337,12363,12392,12446,12455,12507,12543,12561,12582,12615,12642,12692,12733,12757,12771
12811,12855,12893,12923,12936,12971,13003,13039,13088,13111,13152,13165,13216,13230,13253,13288,13335,13347,13380,13418,13454,13503,13510,13559,13577,13629,13657,13695,13709,13750,13768,13816,13844,13875,13899,13937,13955,13987,14048,14053,14087,14127,14148,14178,14224,14249,14288,14321,14339,14390
14401,14441,14467,14511,14552,14565,14612,14644,14680,14704,14722,14755,14785,14820,14868,14893,14915,14976,14979,15040,15054,15082,15126,15151,15184,15227,15255,15269,15315,15359,15382,15399,15441,15486,15511,15549,15580,15588,15629,15649,15693,15725,15749,15779,15828,15864,15885,15910,15938,15985
16030,16048,16067,16128,16130,16176,16213,16239,16271,16290,16342,16374,16410,16420,16474,16510,16537,16554,16601,16614,16653,16682,16707,16737,16800,16824,16858,16889,16899,16941,16983,16997,17056,17057,17095,17140,17169,17194,17222,17257,17287,17325,17373,17396,17434,17451,17480,17529,17542,17592
17604,17652,17668,17709,17748,17780,17817,17826,17865,17894,17940,17972,17994,18045,18065,18092,18133,18166,18179,18234,18245,18302,18331,18364,18397,18414,18453,18481,18502,18534,18574,18600,18646,18671,18696,18735,18774,18790,18837,18874,18897,18917,18953,18983,19035,19043,19080,19124,19160,19180
19215,19258,19287,19304,19341,19372,19424,19441,19464,19492,19524,19554,19604,19627,19674,19691,19738,19758,19804,19815,19852,19904,19930,19956,19993,20007,20034,20069,20106,20148,20171,20202,20245,20259,20310,20342,20354,20396,20446,20467,20512,20529,20554,20586,20612,20663,20698,20722,20744,20769
20809,20835,20868,20901,20959,20988,20997,21055,21063,21107,21134,21170,21200,21247,21276,21306,21328,21357,21380,21425,21466,21485,21508,21548,21581,21608,21642,21684,21709,21741,21769,21816,21850,21860,21898,21939,21973,22015,22027,22064,22100,22126,22153,22186,22236,22249,22275,22333,22367,22386
22412,22438,22468,22517,22550,22573,22613,22652,22667,22710,22746,22775,22816,22831,22851,22905,22921,22967,23000,23026,23071,23097,23111,23152,23179,23224,23251,23271,23298,23341,23387,23418,23430,23467,23520,23541,23558,23593,23647,23650,23692,23733,23767,23798,23840,23864,23901,23906,23940,23996
24014,24060,24088,24098,24134,24162,24209,24252,24276,24291,24339,24357,24403,24422,24459,24487,24532,24555,24588,24624,24666,24695,24716,24761,24787,24812,24842,24894,24918,24951,24972,25001,25047,25081,25113,25123,25176,25207,25230,25275,25302,25327,25349,25392,25424,25462,25473,25507,25566,25585
25616,25649,25671,25724,25739,25763,25812,25833,25861,25894,25931,25964,26013,26025,26069,26094,26133,26146,26205,26219,26242,26300,26325,26367,26387,26426,26453,26494,26499,26540,26562,26595,26630,26664,26690,26724,26769,26800,26836,26866,26900,26916,26967,26978,27013,27042,27076,27119,27154,27189
27212,27240,27271,27322,27360,27381,27398,27439,27457,27519,27549,27565,27596,27623,27657,27684,27717,27772,27804,27824,27869,27873,27911,27954,27977,28017,28035,28078,28113,28155,28181,28217,28250,28280,28320,28323,28384,28389,28439,28462,28490,28516,28573,28589,28640,28652,28687,28705,28740,28769
28823,28843,28882,28915,28952,28967,29022,29056,29074,29118,29136,29155,29192,29241,29268,29308,29342,29363,29379,29431,29445,29499,29506,29554,29597,29611,29641,29678,29722,29757,29790,29814,29827,29865,29918,29946,29979,30015,30026,30055,30102,30116,30171,30200,30215,30246,30284,30306,30359,30399
30408,30450,30466,30518,30547,30582,30601,30633,30665,30709,30721,30761,30812,30840,30859,30882,30929,30954,30990,31021,31050,31076,31126,31166,31190,31231,31235,31282,31302,31345,31382,31421,31431,31462,31515,31522,31574,31613,31623,31669,31700,31715,31757,31800,31815,31846,31899,31936,31961,31981
32028,32048,32081,32117,32141,32183,32211,32250,32268,32307,32334,32369,32395,32445,32464,32508,32540,32559,32603,32611,32659,32683,32731,32753,32782,32816,32846,32872,32900,32948,32987,32997,33027,33066,33094,33137,33164,33198,33229,33260,33291,33338,33366,33392,33438,33472,33497,33527,33550,33577
33621,33656,33666,33719,33732,33775,33811,33851,33880,33902,33951,33978,33987,34019,34073,34100,34115,34154,34189,34211,34257,34285,34322,34358,34374,34428,34434,34483,34516,34553,34577,34624,34641,34677,34699,34730,34779,34797,34848,34851,34904,34936,34973,35008,35032,35062,35089,35115,35152,35172
35230,35247,35275,35312,35345,35379,35402,35435,35463,35502,35526,35567,35600,35647,35669,35684,35715,35765,35806,35828,35860,35888,35922,35947,35979,36025,36049,36068,36124,36159,36179,36196,36247,36286,36305,36337,36357,36397,36427,36458,36512,36527,36546,36585,36628,36659,36691,36706,36737,36778
36810,36835,36894,36908,36939,36972,37024,37035,37076,37109,37141,37181,37189,37224,37277,37308,37332,37373,37397,37409,37450,37480,37510,37547,37573,37608,37653,37666,37723,37732,37775,37817,37838,37860,37906,37921,37979,38000,38027,38051,38089,38117,38156,38202,38222,38244,38286,38320,38362,38398
38402,38457,38472,38517,38542,38576,38623,38626,38688,38695,38750,38764,38788,38819,38858,38911,38930,38952,39000,39023,39067,39088,39120,39143,39193,39226,39264,39274,39321,39340,39382,39418,39449,39487,39491,39532,39564,39589,39623,39659,39705,39713,39775,39785,39833,39855,39877,39909,39945,39973
40001,40048,40067,40110,40158,40166,40218,40226,40274,40293,40337,40359,40413,40443,40478,40488,40514,40555,40605,40633,40655,40685,40724,40740,40793,40806,40860,40870,40898,40940,40990,41023,41034,41063,41100,41144,41166,41213,41220,41251,41288,41332,41370,41388,41427,41453,41474,41523,41557,41576
41628,41655,41693,41724,41752,41779,41811,41829,41880,41900,41929,41971,41996,42020,42079,42087,42136,42164,42184,42214,42265,42301,42322,42362,42400,42423,42460,42485,42506,42531,42579,42596,42643,42661,42704,42748,42754,42814,42834,42876,42890,42943,42947,43005,43030,43072,43082,43116,43151,43185
43223,43254,43288,43317,43340,43371,43395,43428,43459,43516,43525,43579,43605,43642,43679,43681,43731,43766,43784,43825,43856,43892,43922,43968,43980,44004,44033,44065,44114,44129,44162,44197,44250,44271,44299,44321,44368,44404,44420,44475,44484,44543,44550,44597,44629,44663,44676,44735,44756,44770
44822,44845,44878,44903,44954,44972,45005,45031,45061,45116,45139,45161,45199,45221,45252,45287,45329,45369,45399,45434,45458,45500,45518,45546,45589,45611,45636,45696,45707,45744,45769,45814,45825,45859,45914,45943,45959,45986,46029,46080,46100,46139,46176,46187,46213,46247,46296,46333,46338,46370
46429,46434,46477,46523,46534,46579,46601,46635,46683,46701,46741,46779,46816,46832,46852,46882,46932,46947,46982,47035,47058,47082,47124,47165,47183,47202,47240,47272,47327,47336,47382,47395,47446,47486,47496,47524,47583,47615,47634,47663,47693,47720,47765,47797,47827,47847,47904,47924,47955,48000
48013,48047,48095,48123,48147,48191,48217,48246,48270,48305,48352,48353,48391,48437,48450,48507,48524,48545,48582,48611,48650,48693,48709,48759,48788,48820,48864,48888,48913,48948,48962,49004,49042,49079,49115,49136,49180,49198,49225,49265,49283,49331,49364,49388,49421,49469,49480,49512,49538,49580
49603,49637,49673,49697,49754,49785,49800,49835,49868,49889,49925,49963,49987,50030,50056,50099,50135,50159,50190,50219,50265,50282,50318,50350,50399,50422,50436,50480,50501,50538,50579,50612,50637,50677,50709,50734,50754,50805,50845,50867,50899,50936,50955,50991,51035,51058,51083,51121,51153,51199
51208,51241,51295,51307,51334,51387,51410,51442,51472,51492,51545,51564,51590,51631,51671,51700,51741,51752,51797,51835,51863,51897,51910,51948,51988,52020,52046,52087,52105,52152,52180,52215,52240,52281,52301,52341,52379,52405,52442,52472,52511,52532,52551,52580,52612,52656,52699,52730,52738,52770
52817,52863,52875,52921,52956,52983,53012,53034,53087,53106,53131,53153,53205,53248,53269,53299,53313,53371,53380,53413,53451,53492,53525,53546,53592,53623,53639,53689,53727,53759,53777,53813,53826,53877,53896,53928,53975,53995,54027,54077,54109,54125,54157,54191,54233,54268,54279,54330,54340,54381
54402,54439,54493,54501,54553,54568,54605,54656,54662,54691,54726,54782,54788,54829,54873,54888,54915,54963,54982,55016,55055,55103,55112,55164,55199,55218,55246,55268,55308,55348,55385,55424,55446,55461,55518,55548,55562,55609,55626,55676,55682,55719,55765,55777,55832,55869,55880,55916,55945,55985
56023,56046,56071,56113,56158,56168,56209,56256,56263,56290,56336,56376,56399,56441,56453,56492,56534,56576,56587,56610,56660,56673,56722,56751,56778,56824,56836,56871,56918,56956,56962,57007,57032,57065,57105,57144,57175,57212,57235,57251,57287,57314,57373,57406,57440,57441,57482,57530,57563,57573
57627,57661,57682,57708,57752,57789,57793,57849,57862,57909,57952,57980,58007,58017,58064,58090,58128,58166,58196,58222,58253,58297,58332,58367,58371,58406,58444,58479,58523,58531,58589,58597,58638,58669,58714,58739,58754,58789,58841,58857,58904,58915,58976,58978,59011,59061,59083,59118,59146,59169
59223,59246,59272,59324,59331,59368,59397,59440,59472,59510,59528,59572,59603,59633,59664,59688,59717,59745,59799,59810,59856,59895,59928,59943,59981,60016,60044,60071,60120,60148,60166,60222,60246,60286,60306,60350,60375,60395,60436,60469,60483,60530,60566,60581,60632,60647,60678,60709,60764,60783
60805,60847,60876,60897,60956,60984,61006,61036,61079,61089,61147,61157,61188,61233,61252,61302,61342,61350,61383,61433,61450,61481,61506,61557,61586,61606,61652,61667,61700,61758,61762,61816,61839,61874,61910,61938,61970,61990,62018,62056,62093,62129,62153,62204,62222,62243,62296,62312,62356,62386
62417,62455,62495,62511,62531,62585,62620,62632,62668,62707,62727,62757,62789,62844,62864,62891,62941,62951,62998,63033,63047,63089,63136,63162,63199,63208,63253,63282,63312,63341,63370,63406,63426,63484,63505,63549,63577,63605,63627,63658,63692,63725,63758,63785,63838,63849,63880,63914,63957,63976
64020,64053,64080,64107,64154,64181,64199,64237,64270,64300,64337,64362,64409,64438,64479,64495,64518,64559,64589,64620,64662,64695,64728,64763,64776,64814,64852,64888,64908,64959,64978,65014,65038,65077,65111,65136,65178,65189,65247,65257,65300,65340,65347,65400,65426,65460,65490,65529,65560,65578
56791,65624,65636,65691,65698,65748,65764,65800,65852,65879,65910,65924,65977,66015,66025,66071,66107,66116,66164,66189,66235,66268,66295,66327,66340,66378,66426,66464,66496,66516,66549,66581,66609,66628,66661,66690,66738,66771,66805,66838,66855,66892,66920,66967,66979,67035,67056,67086,67136,67168
67192,67214,67250,67283,67313,67336,67376,67397,67444,67488,67501,67547,67575,67606,67630,67667,67686,67717,67763,67798,67833,67854,67889,67936,67937,67991,68010,68039,68084,68105,68150,68176,68197,68226,68257,68294,68340,68363,68392,68447,68469,68494,68524,68569,68582,68636,68646,68702,68713,68743
68788,68823,68850,68893,68915,68930,68985,68997,69034,69064,69110,69129,69163,69199,69239,69254,69292,69340,69363,69382,69423,69460,69473,69524,69545,69598,69604,69645,69679,69711,69754,69773,69808,69845,69879,69889,69934,69983,69997,70021,70076,70092,70133,70153,70181,70218,70257,70286,70306,70338
70387,70432,70435,70480,70511,70556,70564,70616,70656,70658,70701,70744,70781,70786,70820,70853,70911,70942,70946,70988,71013,71060,71102,71106,71139,71171,71220,71247,71292,71320,71335,71370,71417,71433,71478,71494,71524,71562,71613,71629,71669,71704,71724,71753,71799,71837,71863,71898,71919,71941
71973,72013,72035,72066,72112,72150,72172,72201,72256,72286,72314,72340,72367,72389,72447,72454,72507,72531,72554,72594,72634,72663,72680,72719,72745,72776,72829,72860,72896,72897,72933,72982,72999,73044,73057,73094,73141,73157,73203,73235,73279,73281,73320,73350,73406,73428,73468,73486,73520,73556
73571,73613,73638,73673,73697,73753,73775,73801,73851,73884,73919,73935,73971,73988,74041,74075,74104,74130,74173,74179,74214,74255,74285,74305,74348,74390,74426,74461,74471,74507,74545,74562,74607,74636,74677,74695,74741,74784,74809,74819,74865,74903,74928,74961,74999,75034,75065,75092,75120,75139
75200,75216,75237,75274,75320,75353,75366,75406,75431,75466,75498,75534,75555,75596,75617,75665,75695,75738,75746,75806,75838,75856,75884,75932,75953,75982,76031,76044,76078,76109,76144,76166,76218,76254,76283,76299,76342,76384,76395,76422,76470,76487,76528,76572,76582,76623,76659,76697,76736,76754
76783,76805,76837,76891,76910,76959,76969,77011,77055,77084,77093,77136,77157,77202,77236,77254,77308,77334,77363,77408,77428,77467,77493,77533,77564,77577,77610,77654,77684,77701,77757,77778,77815,77851,77859,77920,77950,77978,78014,78030,78072,78111,78127,78176,78208,78234,78272,78292,78328,78342
78379,78419,78444,78469,78504,78551,78585,78624,78626,78679,78695,78728,78763,78795,78835,78861,78900,78928,78953,78978,79026,79060,79094,79119,79141,79179,79219,79239,79280,79298,79359,79391,79422,79440,79459,79513,79540,79571,79611,79646,79658,79681,79713,79746,79790,79815,79856,79887,79914,79967
79985,80018,80039,80068,80099,80147,80175,80196,80233,80270,80305,80347,80378,80395,80425,80457,80495,80536,80551,80585,80639,80651,80692,80730,80740,80792,80829,80859,80865,80918,80943,80973,81024,81052,81080,81110,81147,81172,81196,81243,81264,81283,81314,81372,81408,81438,81457,81503,81516,81557
81595,81603,81662,81671,81720,81756,81779,81800,81838,81857,81896,81927,81968,81989,82040,82058,82088,82137,82155,82193,82213,82259,82299,82335,82365,82386,82416,82440,82495,82520,82555,82589,82611,82641,82672,82698,82727,82779,82815,82842,82855,82902,82930,82967,82986,83036,83062,83086,83135,83165
81178,80423,83169,83216,83251,83266,83315,83330,83391,83404,83428,83461,83499,83547,83580,83594,83641,83674,83698,83720,83772,83794,83812,83849,83893,83929,83953,83995,84006,84033,84073,84098,84158,84190,84223,84231,84271,84309,84349,84365,84410,84418,84464,84490,84515,84567,84607,84614,84641,84690
57439,83402,83628,83951,84709,84745,84792,84812,84852,84871,84900,84937,84961,85015,85051,85073,85092,85145,85172,85201,85233,85275,85300,85327,85372,85408,85434,85450,85484,85519,85538,85594,85604,85658,85666,85706,85759,85786,85817,85841,85876,85891,85933,85964,85986,86028,86073,86082,86114,86147
86197,86232,86253,86276,86310,86337,86377,86422,86453,86492,86525,86535,86566,86593,86629,86684,86703,86741,86771,86814,86840,86870,86883,86943,86950,87001,87026,87059,87094,87126,87142,87176,87215,87254,87294,87304,87360,87387,87408,87437,87469,87502,87537,87568,87608,87629,87663,87710,87725,87773
87777,87814,87848,87897,87919,87955,87979,88020,88041,88071,88110,88142,88176,88212,88249,88281,88302,88331,88357,88403,88435,88460,88507,88532,88568,88587,88636,88663,88696,88713,88739,88797,88816,88838,88873,88908,88937,88972,89007,89031,89068,89101,89148,89184,89185,89247,89254,89300,89321,89371
89385,89411,89462,89504,89526,89552,89592,89630,89647,89679,89706,89742,89767,89808,89851,89868,89900,89951,89965,90011,90034,90063,90086,90117,90172,90180,90238,90265,90301,90327,90352,90377,90409,90454,90466,90522,90559,90580,90595,90647,90678,90706,90739,90774,90803,90819,90861,90892,90916,90961
90979,91014,91041,91094,91124,91137,91189,91231,91256,91272,91298,91339,91376,91422,91453,91488,91510,91532,91578,91592,91626,91650,91700,91725,91760,91805,91829,91864,91874,91923,91963,91998,92015,92045,92091,92099,92142,92163,92204,92242,92269,92299,92325,92363,92401,92427,92461,92488,92542,92558
92580,92633,92662,92685,92712,92746,92798,92813,92842,92874,92914,92945,92971,93001,93044,93078,93104,93130,93178,93212,93221,93257,93287,93325,93375,93388,93424,93446,93490,93508,93558,93570,93632,93664,93694,93707,93751,93792,93818,93847,93888,93889,93946,93965,94010,94029,94074,94108,94133,94153
94189,94239,94256,94290,94325,94364,94375,94430,94444,94467,94499,94550,94578,94604,94639,94678,94719,94743,94763,94788,94827,94869,94906,94934,94976,94994,95017,95044,95098,95131,95138,95179,95221,95240,95284,95316,95343,95363,95395,95446,95458,95507,95548,95584,95596,95641,95676,95687,95722,95746
95784,95830,95854,95879,95906,95948,95983,96022,96036,96076,96115,96130,96186,96207,96248,96277,96294,96330,96365,96391,96441,96478,96482,96538,96549,96592,96617,96657,96704,96706,96762,96789,96811,96842,96889,96924,96941,96977,97006,97041,97074,97089,97138,97179,97216,97240,97275,97283,97320,97350
97385,97436,97445,97488,97516,97550,97573,97629,97656,97669,97704,97731,97762,97810,97826,97865,97905,97951,97953,98008,98043,98053,98093,98120,98157,98191,98213,98269,98286,98327,98338,98375,98430,98435,98485,98527,98555,98573,98612,98637,98668,98690,98731,98765,98812,98818,98877,98910,98939,98974
99006,99022,99048,99090,99136,99144,99176,99217,99253,99267,99310,99354,99365,99409,99434,99481,99520,99545,99558,99610,99646,99666,99693,99722,99745,99788,99812,99842,99887,99931,99962,99981,100007,100039,100069,100121,100157,100191,100196,100244,100287,100306,100337,100383,100411,100446,100477,100504,100522,100570
99348,99519,83842,92024,100588,100625,100641,100687,100728,100740,100798,100801,100858,100882,100925,100945,100975,101005,101038,101085,101114,101144,101154,101204,101247,101269,101292,101337,101347,101395,101440,101462,101502,101525,101566,101585,101631,101663,101690,101726,101755,101789,101813,101852,101882,101896,101933,101961,101985,102042
102072,102089,102134,102145,102178,102230,102261,102289,102317,102351,102395,102411,102443,102465,102523,102540,102575,102603,102653,102668,102709,102721,102781,102790,102832,102854,102906,102930,102956,103005,103017,103051,103079,103136,103155,103170,103212,103245,103284,103314,103329,103389,103415,103433,103458,103512,103546,103578,103614,103639
103656,103700,103736,103754,103778,103821,103855,103902,103932,103952,103982,104023,104056,104065,104120,104154,104186,104212,104228,104258,104299,104339,104371,104410,104424,104450,104497,104525,104547,104586,104633,104647,104686,104723,104763,104795,104812,104844,104877,104923,104946,104991,105020,105040,105061,105113,105149,105171,105196,105225
105259,105297,105328,105356,105387,105432,105459,105498,105523,105548,105579,105628,105653,105672,105701,105746,105781,105817,105850,105861,105906,105921,105983,106002,106037,106049,106088,106136,106170,106204,106210,106268,106297,106324,106338,106375,106409,106464,106466,106511,106544,106591,106605,106651,106657,106709,106728,106768,106811,106840
106869,106905,106914,106949,106989,107019,107067,107097,107111,107165,107175,107228,107257,107288,107307,107359,107387,107423,107450,107472,107496,107534,107553,107590,107631,107662,107706,107720,107762,107804,107830,107861,107884,107913,107945,107974,108025,108055,108093,108116,108137,108171,108207,108225,108266,108303,108344,108374,108391,108428
108469,108502,108521,108558,108608,108637,108655,108700,108723,108753,108785,108821,108861,108896,108922,108948,108982,108993,109035,109057,109100,109139,109163,109203,109237,109275,109300,109323,109346,109393,109426,109464,109476,109530,109547,109598,109632,109633,109669,109719,109730,109789,109804,109827,109878,109920,109930,109974,110004,110022
110051,110105,110115,110148,110183,110217,110253,110296,110333,110368,110384,110424,110437,110466,110508,110558,110574,110607,110644,110661,110698,110744,110754,110808,110838,110855,110906,110935,110951,110997,111033,111041,111088,111105,111157,111179,111210,111254,111272,111319,111330,111385,111409,111448,111475,111502,111549,111566,111591,111634
111658,111708,111722,111769,111783,111818,111845,111880,111916,111964,111985,112023,112045,112089,112108,112132,112166,112206,112241,112277,112309,112341,112381,112388,112436,112466,112490,112544,112571,112603,112610,112645,112697,112706,112752,112792,112820,112834,112878,112914,112942,112987,113016,113030,113085,113115,113130,113153,113196,113241
113255,113298,113324,113356,113398,113427,113472,113491,113511,113555,113569,113625,113664,113670,113708,113742,113779,113814,113826,113864,113898,113934,113970,113993,114036,114076,114095,114128,114161,114191,114213,114250,114301,114326,114342,114377,114418,114464,114487,114499,114545,114588,114623,114649,114680,114702,114731,114754,114799,114822
114867,114899,114943,114951,114999,115011,115063,115076,115115,115142,115170,115212,115254,115292,115300,115334,115373,115396,115438,115464,115513,115534,115573,115589,115625,115671,115689,115734,115768,115800,115831,115869,115882,115929,115955,115994,116001,116060,116093,116124,116160,116167,116206,116227,116275,116297,116323,116371,116413,116445
116469,116487,116529,116564,116594,116615,116671,116695,116732,116742,116789,116827,116854,116865,116909,116943,116975,117007,117037,117080,117095,117130,117181,117195,117235,117263,117282,117333,117371,117388,117432,117441,117493,117526,117552,117592,117627,117652,117684,117701,117752,117776,117806,117827,117861,117903,117941,117974,118007,118038
118052,118101,118131,118152,118193,118210,118266,118299,118333,118346,118374,118417,118446,118487,118498,118559,118577,118603,118630,118675,118716,118731,118780,118801,118837,118868,118898,118942,118945,118997,119038,119072,119089,119106,119140,119192,119225,119258,119292,119321,119347,119372,119414,119431,119485,119512,119534,119581,119592,119636
119659,119695,119726,119774,119777,119834,119861,119902,119923,119958,119998,120028,120045,120071,120111,120142,120173,120204,120226,120269,120294,120351,120375,120395,120443,120460,120489,120524,120545,120605,120629,120642,120686,120712,120759,120797,120812,120855,120881,120909,120934,120966,121000,121045,121062,121115,121124,121174,121210,121228
121273,121285,121339,121373,121399,121425,121472,121495,121527,121566,121588,121624,121661,121691,121725,121747,121790,121797,121834,121883,121889,121941,121964,122014,122021,122058,122087,122140,122162,122189,122227,122270,122288,122326,122351,122389,122403,122445,122470,122522,122542,122568,122623,122634,122676,122700,122750,122761,122789,122838
122878,122889,122915,122953,122986,123037,123060,123096,123125,123164,123193,123232,123247,123269,123297,123344,123390,123403,123455,123480,123512,123552,123555,123615,123636,123673,123699,123742,123763,123790,123838,123844,123892,123919,123947,123996,124020,124050,124071,124122,124159,124166,124224,124247,124285,124297,124345,124361,124392,124420
124468,124483,124524,124560,124577,124609,124642,124699,124732,124737,124774,124806,124846,124880,124911,124939,124971,125020,125049,125061,125114,125142,125161,125200,125241,125259,125281,125334,125361,125404,125410,125443,125477,125525,125540,125592,125601,125639,125687,125721,125731,125769,125818,125836,125883,125918,125927,125978,126009,126044
126066,126112,126117,126174,126206,126227,126270,126282,126308,126352,126388,126402,126447,126482,126508,126547,126590,126600,126648,126665,126714,126752,126783,126802,126848,126864,126902,126925,126975,127008,127026,127061,127099,127118,127153,127170,127226,127258,127276,127313,127343,127372,127412,127441,127462,127517,127544,127559,127612,127640
115637,127676,127697,127715,127745,127802,127809,127870,127879,127932,127941,127996,128020,128061,128073,128128,128147,128182,128212,128245,128276,128309,128328,128362,128412,128425,128471,128493,128514,128547,128591,128621,128642,128679,128731,128757,128800,128811,128833,128889,128925,128956,128992,129000,129053,129068,129118,129122,129163,129193
129228,129266,129294,129335,129361,129402,129423,129465,129488,129522,129556,129577,129606,129647,129680,129725,129733,129779,129822,129833,129879,129895,129929,129971,130016,130026,130070,130112,130126,130156,130177,130236,130253,130285,130317,130355,130391,130408,130435,130490,130513,130558,130568,130613,130627,130673,130717,130737,130758,130813
130841,130875,130895,130922,130957,130989,131038,131054,131098,131121,131140,131178,131222,131264,131273,131300,131351,131366,131405,131450,131462,131503,131550,131577,131613,131625,131653,131709,131714,131754,131781,131828,131863,131879,131925,131951,131976,132003,132046,132090,132121,132159,132162,132193,132239,132279,132313,132344,132375,132412
132421,132453,132503,132526,132556,132584,132619,132662,132702,132735,132756,132779,132824,132857,132890,132910,132951,132967,132993,133049,133083,133116,133133,133182,133203,133243,133261,133306,133322,133345,133381,133420,133441,133490,133515,133551,133576,133624,133647,133672,133706,133738,133762,133802,133831,133886,133899,133949,133953,134006
134035,134079,134098,134115,134169,134193,134212,134258,134283,134323,134342,134376,134428,134454,134490,134498,134544,134584,134621,134625,134669,134701,134745,134756,134794,134830,134852,134885,134930,134961,134989,135029,135046,135104,135109,135165,135189,135201,135241,135291,135325,135348,135361,135408,135425,135467,135490,135537,135576,135588
135627,135655,135696,135721,135775,135789,135831,135858,135895,135935,135957,135975,136023,136043,136082,136108,136135,136190,136213,136230,136261,136303,136328,136382,136394,136420,136479,136505,136514,136574,136591,136619,136646,136692,136719,136754,136794,136813,136834,136879,136908,136950,136971,137012,137039,137071,137093,137151,137175,137212
137241,137259,137292,137328,137368,137391,137436,137464,137489,137514,137549,137569,137629,137643,137687,137707,137730,137773,137823,137827,137874,137915,137943,137966,138010,138034,138059,138082,138117,138162,138199,138236,138243,138278,138305,138368,138384,138419,138456,138480,138526,138529,138577,138600,138652,138678,138705,138745,138784,138787
138846,138862,138908,138920,138955,138982,139035,139056,139073,139114,139166,139180,139221,139261,139285,139297,139345,139380,139416,139442,139484,139492,139549,139560,139611,139633,139655,139710,139719,139749,139784,139818,139850,139892,139925,139952,139973,140022,140035,140092,140123,140155,140161,140193,140241,140266,140303,140337,140359,140402
140423,140451,140493,140538,140548,140597,140635,140651,140674,140709,140758,140781,140819,140846,140878,140919,140958,140991,141002,141047,141080,141102,141132,141163,141211,141229,141258,141296,141335,141370,141378,141432,141461,141491,141525,141545,141587,141625,141652,141694,141703,141729,141778,141805,141840,141860,141905,141928,141976,142000
142025,142059,142090,142130,142155,142199,142224,142272,142289,142332,142354,142395,142422,142433,142479,142500,142531,142587,142601,142652,142679,142716,142721,142761,142813,142824,142860,142892,142921,142969,143005,143012,143041,143102,143114,143140,143195,143230,143257,143265,143313,143340,143367,143413,143455,143482,143519,143548,143564,143610
143623,143672,143682,143727,143751,143790,143827,143846,143886,143925,143955,143978,144015,144034,144069,144117,144147,144183,144193,144227,144263,144294,144325,144357,144408,144432,144478,144491,144523,144576,144608,144627,144645,144676,144732,144755,144779,144812,144840,144865,144908,144951,144980,145020,145037,145088,145113,145132,145154,145199
145243,145249,145310,145323,145366,145389,145418,145453,145493,145520,145539,145580,145618,145656,145684,145721,145731,145792,145802,145856,145870,145909,145930,145963,146012,146048,146076,146098,146114,146166,146204,146234,146264,146287,146316,146358,146391,146414,146464,146471,146497,146532,146564,146604,146652,146676,146693,146748,146779,146806
146833,146874,146901,146939,146948,146993,147016,147049,147101,147109,147168,147175,147204,147261,147269,147317,147353,147390,147397,147456,147462,147498,147541,147568,147595,147635,147662,147701,147739,147748,147793,147813,147861,147897,147915,147963,147978,148011,148036,148096,148110,148156,148161,148202,148226,148287,148306,148341,148382,148403
148430,148458,148503,148518,148556,148579,148612,148656,148680,148729,148741,148771,148819,148848,148878,148903,148930,148981,149004,149038,149086,149105,149150,149166,149207,149221,149261,149301,149329,149356,149403,149434,149471,149504,149519,149552,149572,149618,149643,149683,149713,149732,149781,149817,149854,149873,149892,149944,149982,149995
150022,150064,150081,150133,150148,150177,150237,150268,150295,150327,150356,150393,150414,150433,150472,150505,150534,150592,150593,150631,150667,150689,150739,150780,150790,150827,150880,150885,150941,150967,150977,151022,151068,151083,151122,151156,151200,151224,151255,151294,151297,151351,151362,151399,151442,151461,151494,151523,151567,151607
151639,151662,151698,151733,151748,151799,151810,151865,151902,151919,151963,151998,152023,152039,152069,152122,152131,152171,152207,152240,152273,152309,152337,152365,152408,152429,152467,152505,152538,152567,152607,152635,152670,152673,152717,152767,152775,152831,152834,152879,152904,152945,152976,153013,153054,153087,153114,153121,153172,153190
153235,153274,153290,153319,153364,153399,153419,153442,153488,153536,153564,153593,153630,153653,153673,153705,153759,153792,153817,153839,153873,153898,153946,153962,154013,154046,154067,154094,154114,154151,154200,154215,154254,154285,154316,154339,154369,154405,154456,154476,154526,154560,154583,154608,154633,154679,154719,154725,154779,154798
154842,154865,154882,154924,154951,154990,155015,155051,155096,155122,155154,155180,155216,155238,155271,155304,155347,155361,155418,155446,155488,155491,155534,155576,155603,155627,155675,155709,155721,155758,155795,155831,155844,155874,155908,155964,155992,156026,156057,156081,156104,156136,156179,156199,156225,156264,156320,156334,156372,156412
115278,135162,156429,156471,156509,156513,156556,156608,156618,156652,156695,156722,156755,156786,156832,156856,156874,156910,156938,156963,156995,157047,157062,157117,157121,157175,157213,157241,157274,157304,157336,157375,157403,157440,157464,157478,157521,157545,157595,157623,157651,157680,157707,157729,157768,157801,157839,157877,157911,157930
130168,157960,158002,158031,158079,158098,158114,158167,158183,158230,158251,158273,158319,158366,158385,158427,158434,158480,158509,158551,158574,158609,158626,158677,158699,158743,158768,158792,158836,158860,158896,158922,158975,158998,159027,159061,159078,159132,159150,159181,159229,159251,159296,159326,159339,159370,159397,159426,159464,159495
159529,159577,159588,159621,159675,159712,159713,159746,159805,159831,159844,159891,159931,159960,159984,160032,160044,160070,160114,160155,160181,160209,160226,160264,160296,160331,160384,160413,160447,160450,160481,160522,160554,160580,160613,160664,160679,160729,160741,160793,160807,160846,160890,160921,160935,160967,160996,161056,161061,161099
161152,161174,161209,161244,161260,161282,161343,161372,161384,161420,161444,161490,161532,161558,161580,161621,161647,161673,161700,161737,161779,161793,161831,161870,161899,161922,161977,162016,162044,162054,162096,162131,162162,162203,162220,162246,162282,162336,162339,162383,162429,162460,162489,162509,162541,162574,162621,162653,162671,162696
162742,162762,162796,162826,162859,162905,162943,162955,163005,163019,163057,163079,163109,163137,163180,163219,163249,163290,163299,163335,163370,163410,163451,163473,163505,163549,163561,163611,163627,163672,163689,163721,163776,163783,163825,163870,163885,163920,163949,163985,164032,164054,164085,164121,164143,164174,164223,164242,164278,164299
164323,164359,164401,164442,164460,164483,164524,164576,164600,164609,164672,164701,164727,164745,164782,164821,164844,164875,164905,164953,164991,165010,165056,165069,165102,165130,165162,165204,165247,165249,165287,165339,165365,165378,165429,165472,165498,165515,165549,165575,165606,165645,165677,165707,165760,165778,165824,165826,165875,165909
165942,165962,165993,166042,166049,166105,166138,166149,166202,166222,166260,166286,166315,166368,166373,166415,166452,166469,166503,166537,166587,166612,166643,166669,166701,166729,166782,166802,166834,166849,166881,166914,166946,166995,167028,167058,167089,167131,167158,167192,167217,167239,167289,167320,167345,167392,167421,167448,167463,167509
167549,167557,167596,167644,167657,167696,167729,167748,167800,167824,167872,167896,167914,167958,167979,168014,168058,168075,168101,168160,168192,168214,168242,168275,168316,168346,168382,168394,168422,168477,168491,168531,168555,168588,168611,168646,168681,168707,168750,168779,168806,168841,168888,168908,168929,168968,169016,169045,169088,169110
169152,169161,169197,169219,169260,169281,169330,169371,169396,169413,169443,169503,169527,169565,169584,169601,169640,169691,169717,169733,169775,169822,169852,169873,169913,169926,169984,169987,170029,170063,170088,170118,170166,170190,170232,170254,170298,170326,170344,170386,170403,170446,170466,170503,170546,170581,170615,170644,170660,170717
170730,170779,170799,170844,170876,170889,170936,170961,171005,171036,171045,171103,171112,171157,171180,171223,171247,171281,171315,171358,171380,171414,171432,171478,171505,171540,171572,171606,171629,171662,171711,171731,171769,171795,171839,171846,171875,171932,171949,171988,172010,172039,172089,172104,172150,172172,172209,172229,172264,172313
172352,172360,172401,172443,172450,172489,172532,172568,172594,172637,172671,172690,172728,172767,172786,172816,172847,172866,172906,172945,172989,173023,173033,173075,173120,173129,173171,173186,173230,173257,173302,173320,173357,173379,173409,173453,173501,173530,173547,173596,173614,173636,173689,173717,173753,173777,173794,173832,173885,173892
173952,173971,173987,174041,174071,174088,174122,174158,174187,174227,174270,174285,174313,174342,174387,174430,174457,174480,174498,174539,174562,174599,174646,174668,174691,174722,174782,174791,174834,174873,174905,174927,174960,174982,175017,175047,175103,175113,175160,175195,175209,175256,175288,175319,175354,175386,175418,175440,175467,175497
175525,175553,175615,175621,175661,175694,175713,175759,175784,175836,175843,175898,175916,175938,175970,176004,176043,176067,176109,176151,176178,176204,176228,176288,176289,176323,176373,176389,176438,176467,176506,176543,176572,176590,176625,176665,176695,176724,176737,176769,176823,176838,176892,176898,176960,176982,176999,177025,177066,177115
177122,177154,177188,177223,177263,177288,177326,177361,177408,177415,177467,177473,177511,177537,177576,177613,177652,177684,177707,177751,177770,177793,177827,177867,177898,177944,177967,177990,178027,178062,178082,178125,178166,178185,178228,178258,178274,178336,178341,178398,178420,178452,178476,178499,178537,178567,178611,178634,178667,178719
178739,178776,178816,178842,178852,178896,178942,178972,178982,179024,179069,179089,179129,179140,179190,179219,179254,179284,179300,179333,179389,179403,179426,179470,179519,179522,179565,179616,179645,179679,179711,179725,179745,179804,179838,179870,179886,179927,179955,179998,180001,180051,180070,180123,180159,180164,180200,180232,180285,180316
174720,174572,174440,124469,156046,174314,180350,180374,180404,180433,180460,180481,180527,180570,180600,180639,180649,180688,180736,180762,180791,180813,180859,180885,180900,180955,180985,181004,181047,181063,181114,181135,181183,181202,181242,181278,181300,181313,181355,181402,181413,181446,181492,181535,181553,181572,181603,181643,181690,181726
181748,181778,181803,181838,181863,181918,181922,181965,181998,182040,182067,182083,182126,182151,182181,182210,182268,182295,182305,182339,182393,182419,182438,182483,182504,182554,182592,182603,182638,182676,182709,182732,182759,182799,182835,182870,182912,182923,182955,182979,183013,183047,183092,183119,183154,183185,183202,183247,183277,183320
183344,183381,183399,183431,183468,183515,183522,183568,183614,183631,183658,183702,183726,183751,183802,183820,183854,183890,183909,183959,183970,184021,184063,184069,184121,184138,184182,184211,184256,184276,184298,184323,184382,184400,184440,184453,184494,184523,184552,184607,184633,184650,184689,184713,184737,184772,184801,184860,184873,184899
184929,184992,185016,185055,185080,185106,185146,185177,185206,185234,185273,185300,185337,185362,185404,185426,185458,185497,185509,185563,185597,185613,185637,185684,185710,185732,185770,185823,185833,185859,185897,185938,185981,186001,186027,186063,186094,186125,186161,186186,186240,186258,186273,186316,186364,186394,186426,186460,186476,186499
186534,186571,186601,186653,186669,186702,186747,186776,186806,186837,186863,186895,186936,186961,186988,187027,187041,187088,187124,187140,187177,187220,187251,187282,187312,187340,187378,187406,187446,187472,187515,187537,187579,187598,187627,187663,187686,187722,187773,187805,187839,187869,187882,187927,187948,188000,188027,188038,188069,188103
188154,188179,188210,188227,188288,188302,188351,188356,188413,188425,188462,188485,188522,188559,188601,188620,188667,188688,188711,188741,188794,188826,188859,188887,188923,188957,188992,189022,189050,189088,189098,189148,189177,189195,189243,189254,189299,189343,189373,189406,189429,189456,189499,189506,189561,189581,189614,189651,189688,189701
128330,189751,189789,189806,189855,189887,189906,189946,189969,189996,190038,190062,190087,190131,190165,190181,190238,190243,190297,190332,190368,190376,190430,190438,190476,190504,190557,190579,190617,190625,190658,190720,190745,190783,190787,190819,190871,190912,190917,190967,190998,191034,191063,191083,191128,191152,191173,191230,191252,191285
191312,191345,191364,191405,191439,191473,191519,191536,191558,191605,191632,191674,191690,191721,191757,191806,191823,191862,191880,191911,191941,191997,192010,192051,192070,192098,192149,192183,192215,192253,192270,192293,192321,192372,192392,192440,192453,192483,192525,192562,192589,192626,192655,192682,192717,192749,192783,192819,192838,192879
192928,192937,192968,192999,193031,193063,193111,193149,193169,193196,193244,193265,193299,193331,193360,193394,193418,193467,193473,193505,193564,193590,193604,193645,193679,193716,193734,193790,193799,193855,193869,193895,193940,193977,193989,194039,194053,194091,194113,194155,194199,194236,194254,194296,194317,194340,194391,194418,194464,194472
124148,194518,194560,194588,194602,194645,194685,194696,194738,194780,194790,194821,194861,194902,194915,194976,194986,195038,195041,195101,195116,195167,195180,195210,195246,195296,195300,195348,195372,195408,195456,195458,195501,195522,195584,195600,195641,195665,195709,195742,195750,195779,195820,195845,195883,195919,195943,195972,196027,196034
196087,196102,196139,196180,196213,196248,196281,196292,196331,196354,196393,196429,196457,196491,196513,196547,196598,196614,196668,196685,196733,196754,196781,196831,196859,196879,196910,196952,196973,197001,197042,197069,197106,197122,197166,197210,197217,197258,197282,197313,197366,197382,197418,197457,197490,197520,197556,197577,197630,197660
197677,197715,197733,197774,197794,197836,197859,197907,197943,197967,197989,198045,198061,198111,198124,198164,198197,198219,198267,198286,198314,198362,198373,198421,198443,198478,198528,198535,198564,198595,198643,198685,198719,198733,198780,198805,198819,198851,198900,198927,198950,198994,199013,199042,199075,199125,199141,199181,199218,199252
114860,115095,115522,157898,199274,199299,199337,199369,199393,199437,199457,199489,199543,199565,199603,199637,199665,199681,199744,199773,199806,199829,199865,199881,199912,199950,199990,200031,200040,200072,200120,200158,200178,200197,200253,200282,200301,200347,200381,200388,200446,200478,200492,200544,200570,200584,200629,200653,200696,200727
200739,200781,200804,200835,200890,200918,200954,200990,200998,201043,201086,201115,201125,201166,201185,201220,201269,201309,201335,201367,201405,201409,201451,201478,201523,201559,201595,201614,201651,201666,201713,201738,201767,201807,201855,201885,201906,201941,201974,201995,202034,202050,202091,202123,202166,202189,202215,202270,202297,202322
202360,202389,202429,202439,202494,202502,202543,202588,202599,202654,202688,202702,202731,202756,202811,202837,202860,202900,202923,202954,202996,203016,203072,203073,203124,203153,203188,203224,203234,203273,203303,203337,203368,203414,203437,203485,203518,203543,203565,203603,203641,203671,203694,203740,203763,203791,203839,203843,203874,203936
203938,203977,204025,204056,204068,204111,204129,204162,204210,204231,204280,204290,204345,204361,204406,204417,204455,204495,204517,204564,204598,204613,204657,204679,204719,204761,204794,204817,204863,204870,204926,204946,204964,204995,205046,205077,205108,205139,205174,205212,205224,205259,205294,205329,205349,205400,205428,205441,205490,205519
205550,205576,205610,205651,205696,205714,205753,205769,205796,205852,205875,205915,205940,205968,205993,206048,206060,206103,206130,206157,206192,206227,206252,206299,206332,206346,206383,206408,206464,206490,206525,206531,206572,206606,206640,206667,206707,206737,206756,206794,206817,206858,206903,206936,206956,206979,207037,207066,207100,207131
115635,114900,114869,115385,207145,207199,207229,207260,207269,207325,207354,207383,207403,207433,207478,207491,207521,207571,207588,207617,207673,207704,207722,207752,207804,207815,207865,207887,207909,207952,207983,208025,208033,208071,208100,208131,208181,208221,208244,208277,208302,208328,208380,208392,208420,208463,208499,208521,208572,208607
208632,208668,208685,208723,208754,208791,208804,208862,208887,208906,208941,208970,209017,209052,209071,209119,209142,209173,209196,209217,209250,209291,209330,209360,209387,209437,209462,209504,209506,209545,209595,209607,209659,209685,209724,209749,209791,209807,209842,209877,209912,209951,209976,210010,210036,210055,210091,210140,210155,210195
210237,210259,210275,210322,210340,210393,210405,210457,210489,210526,210532,210573,210611,210651,210680,210693,210750,210779,210805,210824,210849,210885,210913,210946,210991,211012,211068,211083,211129,211152,211175,211208,211264,211268,211324,211333,211361,211402,211456,211471,211498,211551,211580,211605,211648,211652,211693,211716,211776,211789
211834,211849,211895,211916,211939,211997,212018,212046,212091,212120,212137,212166,212215,212254,212284,212312,212327,212373,212388,212428,212478,212481,212523,212570,212596,212624,212655,212699,212707,212743,212797,212816,212842,212889,212912,212929,212981,213000,213046,213084,213095,213132,213154,213192,213236,213262,213293,213338,213360,213380
213429,213449,213504,213529,213539,213577,213601,213650,213687,213723,213740,213777,213796,213830,213858,213891,213945,213956,213996,214039,214064,214111,214122,214167,214179,214214,214252,214296,214330,214340,214400,214424,214441,214471,214505,214552,214589,214611,214636,214671,214694,214737,214758,214785,214840,214860,214911,214935,214964,214980
188609,188327,188132,189082,215030,215064,215088,215133,215143,215182,215213,215249,215267,215316,215330,215388,215419,215440,215458,215512,215524,215569,215609,215621,215678,215682,215742,215770,215808,215822,215849,215886,215913,215945,215992,216026,216038,216096,216101,216152,216185,216195,216233,216268,216292,216349,216377,216404,216443,216468
216497,216535,216559,216600,216613,216647,216699,216726,216756,216781,216822,216838,216867,216908,216932,216961,217010,217045,217086,217108,217151,217177,217197,217223,217259,217286,217329,217366,217389,217426,217460,217483,217528,217561,217585,217615,217651,217680,217707,217753,217785,217813,217850,217863,217910,217949,217962,218014,218036,218065
218084,218141,218153,218205,218233,218243,218281,218322,218358,218389,218424,218443,218466,218519,218534,218588,218609,218648,218680,218703,218749,218775,218786,218818,218856,218883,218935,218959,219001,219017,219052,219101,219118,219151,219193,219220,219259,219293,219305,219338,219367,219398,219429,219457,219504,219545,219571,219597,219642,219675
219710,219743,219746,219788,219823,219865,219874,219936,219945,219971,220027,220052,220078,220126,220151,220178,220205,220245,220261,220303,220330,220379,220402,220433,220472,220483,220521,220551,220581,220631,220657,220704,220722,220754,220792,220823,220863,220890,220905,220948,220966,221016,221042,221075,221110,221145,221161,221196,221221,221252
221309,221317,221374,221396,221425,221451,221496,221509,221538,221572,221619,221650,221680,221716,221733,221782,221819,221839,221871,221903,221947,221966,222015,222026,222077,222097,222128,222176,222191,222228,222254,222276,222309,222354,222375,222416,222458,222470,222512,222548,222568,222617,222632,222675,222705,222739,222772,222787,222844,222865
222891,222932,222967,223007,223037,223068,223082,223114,223167,223175,223232,223244,223275,223316,223342,223367,223402,223447,223482,223507,223531,223577,223592,223623,223676,223708,223720,223761,223793,223827,223852,223876,223911,223956,223995,224002,224043,224071,224127,224147,224186,224208,224254,224284,224292,224321,224382,224393,224423,224473
224482,224521,224567,224579,224610,224650,224683,224725,224746,224776,224824,224833,224890,224901,224955,224972,224994,225027,225064,225107,225130,225168,225207,225230,225271,225311,225331,225354,225405,225418,225466,225479,225510,225555,225584,225604,225662,225666,225697,225732,225788,225799,225835,225877,225896,225924,225960,226011,226040,226079
226104,226138,226155,226187,226235,226241,226285,226317,226362,226395,226423,226456,226495,226516,226555,226587,226623,226625,226665,226702,226724,226773,226793,226829,226878,226894,226939,226972,226999,227039,227041,227094,227130,227154,227190,227220,227251,227282,227317,227334,227387,227410,227436,227460,227508,227521,227578,227592,227626,227663
227687,227723,227762,227795,227813,227848,227890,227905,227956,227969,228025,228034,228075,228128,228134,228172,228222,228249,228268,228293,228336,228362,228407,228448,228458,228506,228520,228571,228604,228612,228663,228701,228707,228752,228790,228822,228858,228887,228898,228954,228979,229013,229047,229069,229119,229146,229158,229192,229231,229257
115639,229290,229339,229373,229385,229426,229464,229503,229514,229539,229580,229609,229642,229679,229697,229729,229789,229824,229855,229885,229917,229947,229961,230013,230017,230070,230086,230114,230147,230194,230219,230241,230282,230311,230344,230399,230429,230439,230480,230509,230537,230562,230596,230656,230679,230709,230733,230772,230816,230828
230849,230908,230916,230953,230977,231026,231072,231077,231112,231137,231196,231211,231254,231289,231303,231355,231382,231395,231434,231461,231520,231548,231578,231597,231642,231667,231708,231721,231767,231786,231812,231867,231901,231935,231954,231994,232008,232039,232077,232123,232139,232171,232205,232235,232276,232315,232324,232369,232414,232434
232456,232488,232525,232560,232578,232623,232650,232704,232714,232753,232787,232831,232837,232880,232925,232951,232976,233023,233051,233078,233113,233135,233172,233205,233232,233260,233291,233313,233361,233397,233421,233467,233495,233510,233539,233586,233632,233655,233670,233718,233753,233775,233802,233826,233874,233907,233952,233976,234011,234025
234077,234094,234114,234146,234198,234209,234243,234274,234322,234368,234382,234406,234460,234470,234518,234543,234590,234617,234638,234674,234689,234747,234783,234796,234839,234868,234894,234918,234945,234992,235030,235068,235093,235120,235165,235180,235219,235259,235278,235311,235331,235391,235411,235452,235483,235509,235552,235577,235590,235626
235671,235694,235740,235770,235783,235813,235854,235903,235935,235952,235969,236027,236043,236070,236100,236145,236171,236216,236256,236257,236319,236336,236354,236406,236436,236468,236504,236544,236566,236605,236615,236653,236698,236705,236737,236782,236825,236860,236878,236897,236956,236984,236995,237039,237075,237104,237145,237157,237196,237228
237266,237289,237339,237369,237390,237428,237445,237503,237534,237542,237588,237601,237641,237678,237714,237756,237776,237796,237852,237885,237901,237952,237980,238008,238026,238078,238098,238138,238172,238191,238213,238241,238295,238306,238348,238396,238423,238437,238471,238527,238560,238570,238623,238645,238670,238716,238751,238770,238806,238840
229688,229988,238862,238883,238918,238946,239000,239025,239067,239101,239114,239156,239173,239201,239236,239274,239310,239339,239365,239413,239440,239476,239504,239546,239579,239587,239622,239668,239698,239722,239750,239795,239822,239868,239888,239921,239964,239986,240007,240043,240091,240111,240154,240183,240209,240237,240275,240291,240330,240357
240401,240443,240470,240490,240514,240556,240594,240612,240641,240677,240725,240744,240794,240825,240863,240891,240899,240936,240988,241009,241049,241077,241109,241124,241175,241211,241228,241260,241311,241318,241351,241378,241440,241459,241502,241523,241547,241591,241630,241654,241668,241711,241731,241766,241799,241843,241868,241919,241928,241972
241994,242035,242066,242087,242122,242158,242205,242229,242271,242303,242334,242349,242382,242423,242436,242482,242503,242551,242562,242612,242630,242675,242697,242723,242770,242785,242824,242858,242885,242933,242960,242977,243015,243056,243091,243120,243139,243173,243227,243258,243283,243308,243350,243377,243395,243452,243461,243502,243548,243576
243588,243633,243671,243693,243738,243760,243805,243829,243856,243877,243935,243966,243997,244023,244036,244095,244113,244155,244191,244215,244232,244271,244296,244346,244358,244411,244447,244478,244488,244534,244548,244590,244640,244644,244698,244734,244737,244775,244812,244845,244868,244905,244954,244976,245017,245043,245072,245109,245142,245180
245190,245247,245262,245309,245326,245360,245383,245440,245462,245488,245507,245549,245580,245628,245649,245681,245698,245759,245769,245814,245832,245876,245889,245922,245980,246013,246022,246075,246085,246135,246175,246181,246232,246257,246286,246320,246346,246397,246429,246459,246465,246501,246543,246590,246615,246635,246676,246711,246731,246776
246812,246821,246869,246899,246939,246966,246989,247013,247047,247100,247123,247158,247182,247217,247244,247285,247302,247359,247392,247405,247445,247486,247504,247541,247557,247604,247626,247679,247693,247713,247770,247803,247819,247848,247881,247924,247962,247982,248002,248064,248094,248112,248158,248166,248207,248232,248285,248290,248349,248379
248406,248436,248466,248489,248544,248553,248591,248622,248648,248699,248726,248739,248778,248804,248852,248865,248912,248941,248992,249006,249028,249063,249110,249132,249178,249195,249234,249273,249309,249321,249375,249392,249429,249467,249485,249515,249546,249569,249632,249659,249677,249703,249739,249788,249815,249835,249877,249892,249940,249961
249987,250028,250053,250084,250141,250159,250178,250222,250244,250296,250323,250342,250397,250416,250438,250470,250498,250542,250591,250622,250643,250673,250709,250743,250774,250786,250848,250853,250900,250930,250964,250985,251025,251068,251097,251121,251164,251195,251222,251247,251293,251324,251345,251369,251399,251431,251466,251489,251535,251565
251590,251641,251658,251700,251735,251775,251804,251826,251864,251874,251919,251956,251981,252008,252036,252078,252113,252149,252184,252223,252254,252287,252304,252321,252363,252415,252422,252464,252497,252525,252561,252598,252618,252642,252701,252706,252749,252786,252814,252846,252875,252898,252958,252990,253005,253040,253057,253089,253121,253156
253191,253234,253269,253309,253337,253376,253397,253428,253450,253498,253505,253537,253578,253602,253646,253666,253710,253731,253768,253797,253843,253879,253919,253923,253977,254004,254046,254069,254108,254122,254167,254193,254228,254250,254282,254311,254343,254372,254416,254453,254469,254511,254559,254583,254614,254656,254657,254709,254740,254774
254815,254845,254850,254897,254921,254962,254987,255039,255065,255087,255135,255167,255178,255224,255244,255280,255299,255342,255380,255399,255447,255459,255507,255552,255569,255607,255640,255675,255690,255728,255766,255801,255824,255860,255904,255910,255938,255980,256020,256060,256085,256120,256143,256171,256216,256227,256275,256296,256322,256380
256408,256446,256458,256488,256526,256573,256577,256628,256647,256698,256723,256759,256793,256805,256852,256873,256926,256933,256986,256995,257043,257085,257091,257139,257183,257194,257223,257280,257284,257330,257350,257407,257412,257472,257479,257506,257539,257586,257614,257650,257675,257718,257758,257783,257805,257832,257877,257908,257939,257981
258004,258039,258067,258112,258135,258146,258177,258236,258255,258288,258334,258368,258387,258423,258446,258472,258527,258548,258580,258611,258633,258679,258693,258742,258775,258806,258829,258860,258888,258924,258966,258993,259033,259072,259102,259134,259145,259195,259228,259248,259285,259307,259340,259385,259395,259441,259458,259499,259548,259556
259586,259637,259672,259695,259721,259770,259791,259830,259858,259875,259916,259942,259977,260002,260033,260088,260119,260157,260192,260206,260243,260262,260310,260322,260358,260399,260439,260466,260512,260539,260547,260579,260638,260672,260690,260715,260740,260769,260810,260833,260875,260902,260943,260981,261001,261026,261081,261101,261136,261163
261216,261225,261280,261295,261333,261355,261393,261411,261472,261483,261514,261549,261587,261608,261646,261687,261710,261747,261784,261793,261846,261878,261891,261936,261954,261985,262032,262080,262102,262129,262149,262188,262228,262252,262304,262310,262352,262396,262419,262463,262496,262513,262532,262587,262596,262642,262681,262693,262732,262755
262811,262834,262857,262889,262913,262970,263002,263020,263048,263092,263114,263164,263184,263214,263260,263281,263309,263334,263371,263395,263448,263469,263515,263548,263578,263609,263636,263669,263710,263713,263770,263780,263820,263867,263891,263911,263966,263971,264012,264055,264076,264108,264143,264162,264197,264227,264284,264294,264329,264357
264391,264448,264470,264497,264534,264551,264584,264639,264647,264696,264735,264752,264794,264824,264847,264880,264917,264930,264973,265001,265039,265077,265104,265121,265169,265215,265241,265249,265308,265340,265362,265406,265424,265468,265477,265511,265563,265580,265607,265642,265682,265726,265754,265765,265794,265846,265875,265899,265941,265955
157248,266003,266038,266080,266100,266123,266157,266201,266225,266258,266283,266328,266358,266370,266401,266451,266473,266526,266545,266581,266616,266638,266677,266693,266739,266771,266789,266828,266873,266898,266920,266958,266990,267017,267059,267099,267113,267158,267188,267215,267254,267277,267313,267350,267371,267411,267449,267460,267507,267534
267561,267610,267626,267672,267701,267735,267767,267797,267816,267870,267886,267915,267942,267982,268002,268060,268080,268102,268146,268188,268221,268235,268284,268302,268346,268379,268404,268434,268457,268489,268523,268560,268597,268632,268663,268704,268731,268757,268776,268814,268837,268891,268927,268959,268990,269001,269030,269080,269091,269125
269157,269210,269246,269278,269305,269315,269376,269402,269434,269457,269481,269528,269540,269590,269606,269634,269682,269709,269738,269766,269819,269834,269878,269915,269926,269983,270004,270018,270067,270095,270115,270173,270177,270233,270243,270289,270336,270363,270375,270403,270436,270491,270507,270552,270582,270622,270655,270673,270702,270726
270759,270810,270848,270875,270888,270936,270965,270992,271016,271054,271092,271129,271160,271171,271228,271262,271294,271309,271333,271378,271395,271443,271483,271505,271544,271572,271615,271648,271672,271699,271716,271773,271798,271836,271844,271891,271916,271951,271986,272015,272048,272074,272109,272143,272172,272195,272235,272266,272296,272336
174694,270000,272373,272415,272445,272450,272483,272544,272565,272581,272637,272659,272688,272705,272759,272781,272822,272856,272879,272901,272950,272973,273000,273051,273073,273101,273147,273166,273189,273219,273274,273286,273316,273349,273408,273411,273444,273498,273523,273561,273600,273624,273654,273677,273723,273729,273791,273820,273845,273875
273920,273947,273973,273989,274022,274077,274099,274132,274172,274204,274239,274257,274283,274315,274354,274374,274425,274442,274486,274515,274529,274573,274599,274626,274685,274704,274733,274772,274789,274837,274865,274910,274943,274959,275006,275038,275061,275090,275127,275152,275181,275215,275260,275279,275324,275344,275392,275394,275441,275475
275506,275526,275555,275588,275643,275665,275700,275714,275770,275803,275829,275852,275899,275932,275947,275994,276017,276044,276092,276099,276147,276163,276210,276244,276258,276311,276335,276378,276405,276428,276461,276492,276539,276545,276596,276630,276662,276686,276708,276747,276786,276801,276850,276878,276918,276953,276961,276999,277045,277060
277090,277152,277160,277187,277240,277272,277284,277336,277374,277392,277422,277468,277483,277533,277559,277578,277624,277655,277674,277718,277756,277779,277814,277830,277868,277896,277922,277983,277996,278018,278067,278095,278130,278174,278184,278209,278253,278284,278336,278345,278378,278412,278458,278475,278515,278552,278580,278597,278639,278667
278717,278747,278770,278814,278826,278879,278896,278925,278961,278983,279022,279048,279080,279106,279162,279171,279223,279235,279288,279299,279359,279389,279417,279444,279487,279513,279547,279561,279604,279644,279661,279691,279722,279772,279779,279840,279852,279901,279911,279950,279972,280026,280061,280093,280112,280149,280171,280213,280235,280270
280301,280346,280357,280393,280444,280469,280491,280525,280563,280597,280631,280667,280682,280706,280746,280780,280814,280846,280873,280908,280933,280973,281004,281046,281070,281095,281125,281175,281216,281239,281270,281291,281314,281366,281377,281426,281444,281484,281508,281551,281598,281627,281633,281694,281717,281737,281769,281805,281837,281872
281905,281931,281979,281994,282036,282058,282084,282121,282149,282189,282209,282252,282304,282315,282345,282369,282402,282462,282481,282527,282555,282569,282620,282644,282658,282710,282728,282757,282809,282847,282880,282902,282913,282967,283007,283015,283048,283085,283133,283158,283184,283211,283262,283265,283322,283348,283374,283419,283455,283485
283490,283535,283560,283616,283632,283653,283700,283724,283758,283800,283833,283870,283894,283912,283950,283993,284005,284055,284090,284111,284149,284175,284196,284232,284278,284296,284345,284383,284404,284440,284470,284494,284544,284548,284594,284628,284662,284691,284707,284742,284788,284820,284862,284882,284925,284959,284992,284997,285032,285068
285092,285125,285169,285201,285238,285269,285295,285342,285345,285400,285411,285442,285502,285516,285553,285588,285629,285638,285678,285715,285738,285786,285815,285838,285884,285920,285936,285966,286002,286017,286052,286086,286136,286152,286204,286228,286248,286303,286311,286350,286396,286416,286443,286473,286508,286556,286585,286596,286632,286670
286717,286748,286775,286808,286838,286876,286900,286931,286962,286985,287009,287071,287088,287127,287144,287191,287215,287245,287291,287305,287355,287384,287419,287449,287467,287495,287548,287568,287610,287639,287660,287692,287727,287757,287789,287837,287865,287883,287925,287960,287979,288012,288034,288067,288112,288148,288184,288221,288246,288260
288314,288322,288365,288389,288438,288471,288506,288519,288549,288600,288636,288667,288694,288723,288744,288795,288815,288861,288893,288914,288941,288965,289001,289056,289071,289112,289122,289156,289209,289227,289254,289293,289326,289367,289377,289424,289470,289483,289525,289553,289599,289618,289661,289685,289711,289734,289763,289821,289843,289879
289896,289944,289955,289999,290037,290061,290104,290135,290153,290183,290225,290250,290277,290309,290367,290385,290404,290458,290471,290518,290531,290583,290605,290645,290666,290718,290746,290757,290789,290835,290863,290888,290928,290960,291002,291011,291063,291097,291127,291146,291198,291208,291252,291285,291311,291357,291371,291411,291444,291486
291497,291524,291572,291601,291620,291668,291707,291740,291764,291802,291830,291869,291876,291932,291946,291981,292031,292043,292089,292120,292151,292179,292217,292235,292286,292293,292327,292375,292385,292435,292473,292508,292529,292567,292584,292625,292654,292682,292715,292749,292792,292805,292849,292880,292907,292931,292969,293014,293041,293087
293119,293134,293163,293197,293247,293273,293292,293319,293352,293395,293428,293444,293485,293526,293565,293588,293601,293636,293673,293705,293743,293790,293796,293828,293879,293894,293925,293980,293997,294039,294067,294109,294130,294167,294203,294223,294255,294294,294324,294344,294387,294406,294456,294489,294516,294541,294589,294604,294635,294671
294720,294735,294768,294810,294844,294873,294896,294916,294974,294990,295025,295071,295085,295118,295158,295180,295225,295234,295277,295319,295347,295375,295412,295428,295465,295489,295525,295554,295601,295618,295649,295699,295731,295771,295807,295820,295849,295884,295915,295954,295985,296009,296061,296090,296100,296158,296173,296198,296230,296257
296293,296345,296377,296397,296437,296464,296510,296536,296569,296583,296618,296672,296684,296709,296739,296777,296823,296850,296876,296909,296929,296980,296995,297031,297083,297117,297140,297175,297187,297226,297264,297290,297338,297374,297386,297434,297457,297487,297536,297538,297582,297630,297634,297682,297700,297755,297785,297795,297850,297880
297893,297947,297967,298003,298035,298067,298100,298138,298175,298202,298234,298252,298274,298321,298364,298393,298417,298462,298485,298500,298535,298590,298611,298637,298677,298711,298742,298773,298809,298818,298870,298894,298923,298969,298987,299019,299056,299074,299120,299154,299188,299202,299258,299287,299308,299338,299385,299421,299431,299485
299491,299532,299555,299597,299641,299667,299687,299732,299764,299778,299818,299865,299904,299920,299948,299993,300028,300036,300090,300119,300130,300179,300197,300237,300269,300294,300336,300353,300410,300439,300462,300500,300528,300552,300589,300640,300641,300704,300710,300760,300769,300816,300846,300896,300897,300929,300970,301006,301044,301067
301108,301150,301162,301185,301220,301280,301307,301327,301370,301387,301410,301459,301492,301534,301561,301599,301632,301640,301694,301704,301743,301777,301823,301852,301883,301894,301950,301972,301991,302032,302067,302107,302116,302171,302189,302219,302271,302291,302310,302351,302390,302413,302455,302493,302516,302540,302570,302596,302647,302684
302715,302746,302779,302808,302838,302860,302905,302918,302945,303006,303039,303067,303090,303109,303148,303180,303219,303253,303270,303321,303359,303385,303423,303441,303468,303493,303544,303555,303597,303620,303661,303710,303744,303763,303798,303820,303858,303894,303914,303968,303972,304002,304059,304089,304099,304131,304188,304212,304240,304273
304304,304344,304381,304400,304420,304463,304486,304514,304571,304602,304614,304664,304679,304708,304764,304772,304821,304856,304873,304910,304941,304980,305022,305034,305068,305107,305125,305154,305202,305229,305261,305290,305342,305365,305393,305416,305449,305483,305522,305554,305571,305618,305662,305691,305711,305746,305762,305818,305827,305862
305905,305942,305963,306015,306035,306072,306092,306122,306146,306207,306235,306248,306304,306318,306352,306391,306422,306446,306469,306524,306539,306580,306610,306654,306677,306690,306729,306776,306811,306827,306869,306901,306933,306972,306995,307010,307055,307093,307136,307141,307179,307231,307241,307296,307325,307353,307387,307419,307451,307479
307516,307547,307560,307586,307648,307671,307681,307733,307765,307804,307813,307843,307904,307918,307939,307975,308016,308059,308069,308121,308144,308190,308197,308243,308288,308302,308344,308381,308406,308423,308455,308491,308520,308571,308589,308625,308667,308690,308721,308738,308789,308829,308856,308870,308920,308955,308987,309008,309049,309063
179334,178988,179014,309095,309140,309159,309202,309248,309261,309299,309315,309368,309380,309426,309458,309492,309535,309556,309592,309610,309649,309672,309724,309753,309787,309816,309832,309869,309908,309934,309959,309998,310041,310072,310096,310131,310160,310197,310222,310248,310296,310331,310344,310396,310413,310464,310466,310514,310553,310565
310615,310650,310683,310699,310726,310755,310814,310824,310860,310910,310932,310947,310997,311035,311064,311088,311116,311145,311184,311214,311235,311273,311314,311343,311371,311403,311449,311485,311510,311531,311569,311596,311634,311670,311687,311730,311773,311793,311838,311849,311878,311915,311963,311995,312019,312054,312078,312101,312155,312170
312209,312243,312263,312294,312340,312377,312411,312447,312461,312502,312514,312551,312599,312627,312644,312674,312725,312747,312793,312821,312854,312883,312901,312957,312963,312996,313041,313064,313089,313137,313174,313196,313220,313255,313284,313339,313357,313402,313438,313458,313483,313509,313562,313572,313602,313650,313694,313719,313746,313780
313801,313853,313859,313900,313943,313956,314013,314032,314064,314097,314129,314172,314181,314225,314248,314291,314333,314362,314378,314410,314462,314466,314528,314545,314585,314605,314643,314682,314705,314748,314784,314797,314824,314872,314888,314925,314973,314999,315035,315062,315102,315107,315137,315180,315209,315260,315273,315321,315351,315391
315413,315453,315458,315499,315544,315554,315616,315646,315649,315690,315737,315767,315777,315817,315871,315893,315908,315951,315993,316018,316060,316070,316119,316132,316187,316213,316245,316264,316299,316343,316379,316414,316428,316460,316511,316530,316556,316605,316634,316656,316690,316706,316767,316780,316806,316851,316883,316907,316943,316988
317014,317031,317064,317104,317127,317178,317209,317242,317267,317295,317317,317361,317382,317412,317447,317477,317534,317542,317581,317602,317664,317684,317720,317748,317769,317814,317837,317885,317900,317945,317953,317989,318047,318061,318112,318120,318158,318178,318237,318270,318286,318322,318367,318373,318405,318454,318477,318523,318553,318575
318596,318633,318665,318699,318724,318774,318815,318846,318880,318902,318915,318947,318984,319025,319064,319075,319131,319148,319171,319215,319247,319290,319311,319354,319363,319398,319438,319471,319497,319530,319583,319607,319624,319650,319693,319715,319755,319795,319809,319859,319896,319923,319944,319986,320024,320061,320077,320125,320134,320163
320201,320226,320276,320289,320331,320365,320396,320417,320457,320501,320528,320554,320578,320630,320643,320682,320716,320767,320795,320832,320862,320896,320897,320933,320970,321004,321035,321066,321089,321136,321169,321209,321244,321259,321308,321342,321346,321391,321433,321460,321503,321507,321544,321589,321605,321657,321667,321723,321757,321775
321822,321854,321868,321911,321940,321955,321986,322039,322078,322086,322125,322175,322178,322221,322258,322277,322309,322342,322397,322403,322437,322481,322516,322556,322575,322603,322655,322674,322709,322738,322782,322802,322838,322878,322887,322939,322971,322983,323034,323044,323095,323107,323151,323171,323203,323246,323285,323311,323345,323378
323418,323454,323462,323494,323524,323578,323614,323647,323670,323712,323742,323746,323778,323821,323849,323877,323905,323953,323973,324011,324064,324088,324102,324156,324190,324207,324240,324266,324319,324351,324377,324399,324419,324460,324502,324536,324561,324579,324620,324647,324699,324730,324739,324789,324806,324847,324895,324904,324933,324970
325018,325056,325059,325100,325127,325183,325189,325239,325274,325301,325333,325369,325401,325435,325471,325483,325533,325566,325589,325627,325652,325682,325713,325754,325786,325799,325830,325864,325890,325926,325982,325990,326031,326064,326110,326121,326173,326178,326229,326248,326276,326318,326353,326389,326424,326459,326487,326519,326536,326564
284223,326624,326640,326666,326695,326745,326761,326814,326847,326869,326906,326926,326965,326978,327010,327066,327094,327132,327143,327182,327214,327264,327283,327307,327331,327369,327412,327449,327463,327509,327542,327580,327604,327648,327654,327695,327717,327773,327788,327819,327863,327900,327912,327947,327994,328017,328053,328072,328099,328152
328170,328224,328230,328284,328315,328332,328362,328406,328426,328473,328498,328513,328570,328598,328614,328653,328689,328707,328759,328796,328828,328859,328894,328919,328955,328966,328994,329033,329072,329105,329124,329154,329214,329219,329273,329292,329325,329364,329389,329428,329441,329473,329521,329553,329588,329611,329638,329671,329726,329740
329777,329794,329852,329882,329909,329950,329982,329988,330042,330076,330092,330133,330147,330193,330236,330259,330299,330336,330346,330372,330401,330459,330469,330511,330555,330575,330598,330628,330666,330712,330732,330756,330810,330825,330859,330885,330924,330974,330999,331028,331044,331091,331130,331158,331199,331226,331234,331267,331302,331359
331381,331399,331437,331483,331511,331527,331579,331589,331627,331661,331700,331721,331755,331804,331821,331872,331876,331930,331951,331969,332020,332034,332081,332113,332131,332164,332204,332242,332273,332297,332329,332360,332395,332429,332451,332499,332526,332545,332587,332618,332653,332678,332711,332765,332775,332813,332855,332889,332904,332931
332969,333006,333055,333063,333106,333152,333177,333186,333226,333261,333309,333323,333371,333380,333430,333456,333503,333525,333557,333595,333606,333638,333688,333716,333738,333777,333807,333825,333887,333904,333938,333972,334000,334026,334060,334084,334124,334156,334179,334214,334251,334274,334319,334362,334374,334408,334440,334491,334509,334556
334589,334609,334645,334670,334712,334721,334771,334808,334820,334863,334892,334935,334950,335001,335012,335057,335087,335114,335153,335185,335201,335242,335281,335326,335360,335390,335400,335427,335477,335516,335531,335557,335611,335630,335664,335707,335738,335753,335793,335817,335842,335884,335910,335961,335991,336014,336045,336081,336104,336132
336181,336222,336250,336287,336297,336343,336370,336411,336426,336455,336509,336522,336568,336592,336610,336647,336681,336726,336758,336783,336813,336851,336885,336914,336935,336974,337022,337039,337080,337115,337138,337179,337199,337222,337258,337297,337319,337359,337377,337419,337460,337474,337522,337544,337578,337630,337663,337682,337706,337747
337783,337814,337834,337862,337894,337938,337963,338006,338048,338055,338101,338128,338166,338196,338218,338261,338277,338329,338337,338399,338432,338459,338496,338521,338552,338582,338606,338636,338669,338706,338737,338758,338799,338818,338849,338887,338920,338974,338985,339036,339051,339087,339118,339143,339189,339204,339253,339284,339314,339352
339368,339398,339439,339477,339492,339542,339558,339613,339631,339660,339690,339743,339767,339807,339826,339860,339889,339919,339954,339978,340010,340063,340077,340123,340141,340187,340221,340255,340272,340297,340328,340373,340406,340438,340478,340488,340528,340548,340592,340638,340654,340695,340731,340761,340790,340830,340849,340891,340899,340954
340964,340994,341030,341085,341112,341136,341166,341203,341225,341270,341308,341337,341347,341384,341428,341470,341474,341530,341543,341596,341628,341634,341690,341715,341742,341778,341809,341836,341862,341920,341932,341966,341986,342027,342070,342097,342140,342168,342195,342237,342244,342286,342310,342350,342393,342402,342444,342467,342498,342553
342089,341414,342592,342593,342642,342672,342698,342721,342782,342801,342821,342872,342907,342934,342960,342999,343037,343049,343096,343124,343158,343169,343208,343263,343296,343319,343353,343366,343407,343441,343473,343496,343547,343574,343585,343647,343649,343708,343729,343768,343808,343840,343848,343878,343933,343954,343979,344028,344058,344096
344113,344141,344186,344210,344241,344257,344316,344332,344364,344402,344443,344450,344508,344513,344559,344602,344614,344642,344677,344713,344738,344782,344805,344841,344892,344919,344947,344970,344994,345042,345073,345119,345121,345182,345199,345218,345265,345295,345319,345364,345383,345415,345450,345485,345519,345549,345580,345614,345658,345677
195673,345721,345755,345775,345815,345856,345863,345907,345949,345970,345989,346033,346070,346109,346116,346157,346190,346239,346268,346288,346309,346354,346399,346415,346463,346492,346509,346560,346576,346609,346638,346671,346694,346734,346770,346793,346838,346857,346888,346937,346954,346984,347031,347051,347083,347119,347163,347188,347209,347250
347269,347298,347353,347384,347420,347443,347476,347512,347536,347574,347595,347641,347659,347709,347734,347753,347778,347814,347856,347883,347920,347952,347991,348003,348064,348069,348107,348154,348171,348205,348225,348280,348293,348342,348357,348397,348436,348466,348493,348537,348552,348591,348620,348654,348681,348723,348762,348775,348820,348835
234884,336742,348878,348911,348947,348985,349006,349039,349087,349091,349139,349175,349205,349226,349270,349292,349323,349345,349388,349421,349472,349495,349514,349545,349571,349628,349633,349676,349704,349748,349765,349807,349847,349868,349906,349941,349965,349987,350022,350076,350089,350142,350153,350205,350232,350255,350273,350312,350368,350386
350423,350461,350471,350516,350560,350582,350611,350634,350668,350693,350733,350765,350794,350829,350873,350892,350924,350946,350993,351020,351043,351101,351125,351152,351177,351204,351253,351272,351302,351332,351392,351419,351445,351458,351514,351536,351554,351610,351618,351654,351709,351733,351773,351794,351814,351853,351881,351923,351968,352000
352022,352048,352095,352097,352143,352187,352204,352245,352258,352301,352328,352366,352396,352429,352475,352500,352543,352549,352589,352610,352661,352694,352723,352742,352780,352816,352836,352893,352920,352934,352970,353010,353055,353057,353107,353133,353172,353201,353230,353268,353301,353332,353367,353405,353409,353471,353497,353523,353541,353600
353603,353653,353683,353713,353737,353788,353797,353841,353887,353915,353925,353962,354011,354026,354080,354103,354130,354160,354198,354211,354269,354274,354312,354348,354383,354427,354449,354487,354519,354545,354568,354623,354630,354671,354702,354729,354779,354793,354823,354855,354904,354939,354972,355004,355010,355067,355094,355107,355145,355176
355213,355249,355279,355301,355336,355378,355416,355455,355459,355513,355552,355564,355598,355638,355667,355689,355743,355761,355777,355825,355845,355890,355932,355938,355981,356014,356053,356083,356111,356129,356169,356223,356226,356262,356315,356338,356362,356403,356428,356455,356503,356523,356560,356577,356618,356652,356699,356713,356744,356772
356805,356835,356890,356911,356954,356967,357004,357041,357082,357102,357137,357180,357187,357230,357263,357305,357339,357354,357398,357432,357447,357475,357517,357542,357582,357615,357660,357695,357723,357755,357773,357808,357835,357872,357911,357942,357953,357998,358040,358075,358086,358116,358160,358183,358233,358250,358287,358324,358366,358396
156324,270010,358432,358457,358488,358498,358531,358570,358611,358648,358677,358691,358739,358777,358800,358834,358856,358889,358921,358965,358993,359023,359048,359077,359122,359164,359181,359212,359254,359268,359312,359334,359377,359393,359426,359470,359513,359542,359582,359596,359635,359653,359683,359714,359761,359787,359828,359851,359898,359922
130503,359939,359995,360007,360059,360086,360124,360160,360161,360200,360249,360274,360309,360349,360380,360401,360428,360480,360507,360515,360555,360584,360620,360659,360694,360734,360740,360789,360826,360863,360866,360919,360934,360962,361020,361032,361076,361110,361122,361184,361208,361219,361263,361305,361323,361361,361378,361438,361456,361479
361524,361545,361597,361627,361651,361695,361714,361731,361774,361803,361834,361863,361894,361946,361964,362014,362041,362055,362106,362138,362159,362203,362239,362242,362296,362308,362340,362380,362423,362445,362485,362516,362537,362583,362595,362635,362667,362717,362746,362771,362812,362846,362860,362894,362930,362963,362980,363017,363070,363099
363107,363154,363190,363222,363236,363287,363327,363348,363379,363396,363433,363460,363509,363527,363566,363606,363635,363667,363709,363732,363759,363791,363840,363863,363878,363909,363964,363998,364025,364033,364086,364116,364149,364172,364197,364226,364281,364316,364336,364373,364406,364420,364456,364500,364527,364554,364589,364619,364660,364702
364726,364749,364799,364811,364847,364868,364897,364934,364990,364996,365050,365071,365107,365137,365166,365185,365218,365264,365299,365314,365372,365389,365413,365464,365479,365531,365538,365578,365612,365639,365671,365709,365739,365770,365802,365834,365861,365909,365929,365973,365999,366020,366072,366098,366136,366161,366206,366227,366251,366291
366312,366341,366382,366417,366458,366483,366526,366529,366576,366594,366647,366669,366694,366744,366768,366792,366838,366857,366891,366931,366973,366987,367011,367071,367081,367114,367159,367193,367226,367237,367278,367309,367343,367382,367416,367440,367459,367516,367545,367565,367602,367643,367668,367691,367739,367751,367804,367815,367844,367899
366370,366930,366865,367634,367926,367966,367995,368013,368052,368066,368114,368133,368179,368201,368225,368271,368316,368332,368361,368416,368441,368469,368502,368541,368556,368579,368615,368667,368674,368719,368765,368798,368826,368843,368869,368906,368948,368976,369009,369034,369071,369093,369124,369178,369213,369247,369273,369293,369326,369364
369391,369434,369445,369480,369514,369538,369576,369621,369649,369680,369727,369729,369769,369793,369856,369858,369913,369921,369962,370014,370036,370061,370088,370132,370168,370200,370230,370272,370292,370323,370344,370391,370417,370434,370481,370517,370550,370582,370609,370633,370658,370703,370728,370754,370787,370847,370850,370909,370927,370949
370980,371009,371054,371097,371125,371154,371185,371228,371253,371296,371312,371349,371383,371396,371447,371486,371506,371530,371567,371587,371622,371669,371681,371722,371761,371803,371827,371844,371883,371923,371956,371999,372018,372035,372079,372113,372133,372166,372201,372253,372286,372320,372352,372379,372405,372446,372457,372495,372542,372559
372599,372623,372648,372691,372721,372745,372780,372821,372858,372894,372928,372945,372971,373008,373040,373061,373097,373141,373178,373191,373219,373261,373294,373318,373366,373406,373423,373444,373479,373515,373564,373582,373613,373661,373670,373698,373747,373782,373798,373829,373877,373903,373952,373957,374005,374021,374066,374087,374117,374154
374197,374219,374270,374297,374310,374356,374373,374402,374449,374467,374512,374541,374588,374603,374653,374675,374706,374730,374779,374810,374841,374863,374896,374940,374961,375001,375023,375051,375080,375113,375164,375177,375227,375245,375282,375326,375338,375375,375414,375440,375468,375514,375546,375563,375595,375626,375654,375696,375724,375761
375804,375820,375841,375881,375931,375963,375985,376028,376034,376086,376097,376159,376165,376197,376256,376258,376291,376344,376382,376401,376440,376471,376501,376518,376563,376598,376613,376669,376702,376712,376748,376774,376818,376852,376865,376915,376934,376977,377017,377047,377081,377120,377127,377154,377193,377234,377250,377308,377340,377373
377386,377412,377459,377484,377521,377554,377579,377604,377657,377681,377701,377754,377768,377801,377853,377862,377903,377939,377970,378005,378041,378058,378091,378140,378176,378189,378233,378251,378298,378305,378345,378400,378402,378460,378483,378521,378547,378577,378599,378645,378670,378700,378741,378769,378793,378829,378863,378893,378937,378952
378991,379028,379057,379101,379106,379149,379175,379225,379258,379266,379311,379341,379367,379407,379436,379484,379511,379524,379563,379595,379623,379668,379698,379744,379766,379801,379825,379846,379903,379917,379940,379973,380026,380043,380092,380105,380144,380185,380197,380244,380273,380299,380343,380378,380406,380439,380458,380497,380541,380549
380600,380633,380654,380691,380705,380740,380799,380805,380845,380895,380926,380938,380991,381003,381031,381075,381097,381151,381184,381210,381236,381280,381295,381330,381371,381403,381435,381448,381480,381518,381562,381579,381613,381642,381677,381722,381758,381792,381817,381850,381888,381920,381924,381955,381991,382039,382078,382081,382137,382171
382202,382218,382243,382282,382309,382354,382394,382422,382445,382483,382509,382558,382592,382623,382630,382664,382709,382747,382760,382796,382830,382853,382883,382941,382961,382995,383014,383042,383096,383118,383138,383182,383208,383261,383294,383328,383352,383386,383416,383442,383488,383501,383521,383568,383607,383638,383658,383702,383739,383772
383797,383824,383848,383885,383932,383964,383997,384002,384039,384069,384104,384141,384181,384194,384243,384285,384306,384345,384374,384407,384445,384475,384485,384542,384549,384588,384629,384655,384685,384719,384768,384784,384804,384855,384867,384916,384941,384979,385011,385049,385060,385098,385122,385163,385212,385240,385254,385311,385329,385358
385389,385413,385463,385498,385533,385539,385576,385606,385658,385665,385700,385736,385767,385815,385826,385858,385912,385928,385982,386011,386046,386065,386081,386119,386158,386183,386228,386246,386275,386333,386337,386378,386425,386436,386468,386517,386535,386576,386596,386650,386677,386700,386735,386753,386810,386831,386853,386910,386937,386954
387000,387010,387065,387093,387116,387145,387196,387221,387259,387278,387302,387342,387381,387401,387443,387467,387519,387540,387565,387594,387626,387668,387682,387735,387768,387807,387811,387870,387884,387907,387939,387981,388008,388059,388072,388107,388140,388168,388222,388254,388283,388307,388328,388354,388387,388446,388476,388481,388534,388550
388599,388621,388671,388699,388717,388751,388775,388830,388840,388891,388907,388933,388980,389006,389037,389060,389116,389131,389173,389204,389218,389250,389293,389332,389347,389394,389432,389443,389502,389516,389544,389589,389630,389636,389695,389716,389732,389770,389795,389831,389862,389889,389932,389963,390005,390017,390077,390081,390127,390174
390196,390216,390262,390297,390324,390352,390384,390416,390440,390468,390499,390541,390584,390593,390646,390684,390720,390725,390758,390807,390825,390876,390884,390918,390953,391003,391012,391060,391099,391108,391141,391172,391208,391255,391287,391323,391346,391363,391417,391451,391486,391509,391548,391580,391606,391630,391674,391703,391726,391756
391802,391815,391858,391875,391906,391956,391974,392002,392041,392083,392122,392151,392165,392213,392235,392270,392308,392338,392377,392415,392430,392456,392501,392513,392551,392593,392640,392655,392680,392735,392759,392797,392807,392855,392884,392897,392953,392963,393004,393053,393076,393103,393141,393169,393190,393220,393253,393307,393318,393351
393397,393421,393465,393489,393513,393560,393574,393605,393651,393670,393709,393746,393790,393810,393837,393873,393896,393923,393973,394013,394044,394052,394095,394125,394175,394195,394235,394259,394279,394317,394366,394386,394417,394463,394490,394499,394549,394568,394611,394640,394659,394707,394725,394782,394798,394842,394870,394890,394916,394947
394999,395037,395069,395095,395123,395167,395192,395205,395248,395269,395318,395354,395382,395402,395443,395475,395494,395552,395577,395601,395642,395658,395690,395720,395761,395778,395828,395868,395890,395906,395947,396000,396031,396036,396088,396119,396134,396176,396198,396242,396283,396305,396339,396372,396395,396424,396452,396486,396540,396562
396595,396627,396660,396681,396719,396748,396799,396818,396850,396895,396927,396940,396963,397014,397045,397085,397109,397142,397158,397214,397247,397257,397281,397317,397349,397381,397427,397460,397475,397506,397559,397570,397610,397662,397672,397705,397748,397772,397802,397849,397859,397902,397925,397983,398000,398039,398059,398096,398138,398171
398202,398212,398252,398301,398326,398365,398374,398403,398458,398491,398508,398560,398566,398603,398639,398687,398718,398743,398770,398792,398825,398853,398890,398913,398967,398991,399034,399057,399083,399122,399167,399200,399225,399242,399271,399298,399329,399382,399396,399448,399458,399516,399526,399559,399597,399641,399657,399711,399730,399758
399802,399828,399845,399898,399915,399941,399974,400025,400034,400085,400115,400139,400171,400202,400231,400272,400308,400352,400354,400410,400422,400457,400504,400523,400569,400597,400631,400655,400674,400732,400737,400769,400829,400836,400886,400902,400938,400973,401003,401047,401083,401115,401144,401169,401194,401224,401279,401293,401327,401359
401392,401436,401457,401477,401534,401540,401581,401624,401658,401696,401708,401743,401765,401808,401841,401888,401898,401946,401984,401993,402019,402050,402097,402133,402163,402181,402236,402256,402280,402322,402356,402389,402410,402457,402470,402512,402548,402587,402622,402630,402659,402692,402730,402759,402798,402844,402849,402884,402931,402968
402990,403023,403043,403080,403119,403160,403177,403208,403234,403292,403326,403351,403365,403397,403434,403460,403489,403539,403569,403600,403645,403680,403689,403717,403756,403806,403818,403841,403894,403905,403967,403990,404027,404039,404090,404113,404148,404180,404215,404229,404281,404319,404331,404381,404400,404447,404461,404507,404528,404562
404605,404610,404656,404700,404709,404742,404769,404801,404850,404871,404899,404945,404977,405017,405038,405068,405106,405125,405176,405202,405228,405255,405296,405334,405361,405397,405440,405445,405477,405523,405547,405599,405627,405656,405687,405704,405751,405789,405820,405854,405881,405915,405928,405956,406013,406028,406059,406085,406137,406162
406185,406235,406270,406300,406321,406363,406378,406412,406435,406467,406497,406546,406573,406600,406632,406664,406691,406729,406774,406794,406829,406869,406912,406944,406957,407001,407012,407053,407078,407113,407158,407198,407219,407263,407289,407314,407332,407382,407393,407449,407485,407492,407550,407570,407614,407619,407677,407685,407714,407755
407779,407815,407872,407886,407925,407943,407979,408031,408057,408072,408126,408160,408182,408194,408232,408278,408295,408329,408354,408387,408424,408468,408503,408544,408559,408581,408630,408644,408685,408719,408750,408779,408824,408838,408893,408924,408948,408968,409022,409030,409082,409089,409149,409161,409203,409227,409249,409288,409318,409350
409400,409435,409450,409476,409534,409566,409576,409621,409647,409693,409708,409743,409773,409824,409836,409864,409905,409935,409962,409995,410023,410061,410093,410142,410168,410206,410234,410249,410294,410326,410342,410392,410420,410453,410470,410518,410552,410573,410619,410642,410658,410717,410744,410777,410807,410840,410876,410910,410934,410961
410998,411030,411048,411089,411114,411160,411188,411206,411261,411278,411314,411343,411392,411398,411453,411484,411496,411552,411569,411615,411630,411670,411685,411715,411766,411794,411823,411865,411880,411910,411954,411977,412014,412039,412066,412114,412158,412166,412218,412250,412273,412305,412332,412375,412413,412421,412464,412486,412534,412557
412587,412616,412647,412675,412725,412748,412776,412810,412864,412880,412910,412946,412973,413011,413042,413064,413119,413126,413166,413193,413248,413280,413285,413320,413372,413378,413428,413452,413492,413517,413540,413600,413624,413658,413668,413708,413743,413787,413802,413829,413869,413904,413951,413969,414006,414025,414068,414098,414144,414159
414193,414238,414253,414297,414322,414337,414371,414406,414456,414471,414500,414532,414587,414597,414653,414686,414702,414745,414768,414790,414840,414860,414884,414941,414954,414996,415023,415068,415077,415120,415157,415187,415230,415237,415281,415321,415337,415371,415406,415440,415463,415504,415543,415577,415602,415642,415656,415687,415730,415769
415803,415839,415844,415881,415906,415940,415976,416024,416051,416091,416110,416145,416183,416223,416240,416258,416290,416330,416372,416386,416439,416467,416490,416514,416567,416589,416610,416664,416688,416731,416766,416794,416803,416837,416896,416922,416941,416963,417015,417027,417067,417108,417142,417158,417204,417237,417272,417296,417321,417359
417387,417429,417442,417493,417531,417541,417588,417627,417653,417681,417724,417737,417785,417807,417836,417863,417919,417926,417981,418009,418023,418075,418094,418113,418154,418196,418229,418245,418301,418310,418341,418393,418432,418440,418474,418510,418531,418585,418621,418627,418685,418714,418735,418757,418816,418817,418863,418881,418924,418966
418991,419019,419059,419103,419131,419146,419181,419207,419247,419296,419317,419338,419382,419408,419431,419465,419520,419545,419584,419605,419620,419675,419711,419723,419759,419784,419822,419852,419895,419917,419961,419990,420030,420036,420066,420099,420133,420182,420224,420255,420270,420319,420340,420376,420400,420436,420469,420512,420517,420558
420601,420636,420668,420697,420719,420760,420778,420826,420858,420888,420904,420951,420980,421000,421034,421088,421105,421127,421164,421207,421245,421257,421308,421326,421359,421391,421426,421445,421475,421528,421566,421592,421606,421643,421685,421703,421739,421765,421809,421838,421863,421897,421924,421965,421988,422023,422061,422110,422116,422149
422204,422215,422257,422275,422331,422351,422378,422432,422449,422484,422513,422544,422592,422599,422632,422682,422691,422723,422784,422789,422842,422857,422881,422929,422945,422993,423015,423060,423083,423135,423150,423175,423229,423253,423273,423321,423356,423374,423411,423439,423480,423491,423527,423573,423600,423645,423678,423703,423718,423754
268121,423794,423822,423850,423900,423911,423965,423987,424013,424060,424081,424123,424151,424179,424215,424226,424281,424302,424336,424381,424400,424418,424478,424495,424515,424552,424585,424613,424671,424679,424721,424761,424797,424803,424834,424890,424904,424940,424963,425020,425055,425059,425106,425134,425159,425188,425239,425273,425283,425341
28238,425376,425397,425423,425443,425475,425518,425545,425582,425611,425635,425694,425705,425734,425781,425796,425844,425864,425898,425923,425963,425994,426043,426071,426104,426138,426145,426187,426232,426255,426288,426314,426365,426371,426432,426449,426496,426507,426556,426579,426616,426646,426665,426703,426728,426763,426814,426835,426874,426889
426942,426956,427003,427039,427046,427096,427132,427152,427183,427227,427243,427279,427321,427336,427389,427408,427446,427482,427497,427546,427564,427607,427629,427661,427683,427744,427751,427800,427840,427862,427903,427909,427937,427996,428022,428062,428096,428104,428142,428179,428203,428228,428265,428295,428349,428383,428391,428433,428477,428484
428516,428565,428593,428622,428651,428682,428711,428751,428785,428816,428853,428876,428917,428932,428981,429018,429053,429070,429105,429134,429168,429200,429217,429258,429295,429325,429367,429395,429412,429442,429495,429524,429541,429594,429620,429659,429696,429698,429740,429769,429804,429850,429871,429911,429926,429953,430007,430025,430059,430086
430142,430176,430207,430235,430243,430299,430312,430341,430394,430412,430449,430495,430514,430553,430586,430621,430650,430658,430711,430736,430762,430795,430818,430864,430907,430931,430958,431004,431028,431055,431098,431110,431166,431171,431205,431252,431266,431316,431338,431388,431418,431427,431461,431507,431541,431578,431586,431622,431670,431681
431738,431762,431781,431828,431866,431880,431918,431938,431996,432019,432043,432082,432101,432157,432170,432214,432239,432262,432290,432333,432361,432396,432423,432465,432486,432529,432572,432587,432628,432650,432676,432726,432740,432790,432821,432833,432879,432908,432960,432969,433006,433039,433085,433114,433129,433172,433201,433243,433279,433304
433330,433345,433398,433430,433444,433491,433509,433557,433580,433625,433653,433693,433725,433754,433786,433817,433851,433880,433898,433928,433967,433997,434044,434049,434111,434136,434158,434185,434232,434269,434302,434311,434352,434370,434418,434437,434481,434516,434560,434584,434615,434641,434665,434703,434739,434775,434793,434848,434880,434895
434926,434946,434980,435022,435069,435091,435129,435138,435195,435213,435248,435265,435301,435354,435382,435423,435436,435461,435508,435534,435571,435613,435645,435661,435685,435729,435767,435795,435822,435858,435885,435926,435955,435969,436032,436045,436085,436127,436156,436188,436200,436243,436285,436303,436324,436353,436415,436422,436480,436503
436528,436563,436582,436615,436643,436686,436735,436758,436770,436814,436845,436883,436910,436949,436966,437004,437028,437065,437094,437148,437157,437203,437230,437259,437302,437318,437364,437403,437433,437464,437473,437532,437565,437596,437603,437653,437676,437715,437755,437779,437820,437840,437883,437896,437952,437956,437991,438036,438066,438108
438115,438164,438204,438224,438256,438292,438317,438356,438388,438424,438433,438494,438521,438556,438571,438599,438632,438664,438717,438722,438778,438802,438843,438853,438890,438913,438969,439003,439010,439061,439081,439110,439163,439176,439223,439236,439293,439299,439358,439387,439418,439452,439460,439496,439548,439555,439599,439623,439657,439701
439728,439771,439804,439839,439853,439900,439935,439964,439985,440004,440059,440068,440104,440156,440191,440217,440226,440285,440315,440321,440369,440403,440424,440460,440494,440527,440555,440602,440628,440652,440692,440714,440756,440790,440826,440862,440888,440906,440954,440990,441000,441037,441063,441113,441144,441163,441215,441244,441276,441282
441343,441361,441388,441409,441454,441490,441514,441567,441598,441622,441643,441693,441703,441741,441786,441797,441825,441880,441914,441934,441963,442005,442026,442054,442105,442123,442162,442200,442239,442257,442293,442305,442356,442396,442404,442456,442475,442499,442540,442563,442595,442650,442673,442702,442740,442779,442813,442842,442867,442902
442939,442968,442995,443040,443041,443075,443114,443160,443177,443231,443256,443294,443302,443353,443363,443395,443426,443473,443489,443549,443582,443593,443647,443670,443703,443716,443772,443785,443838,443861,443876,443928,443965,443984,444032,444048,444074,444121,444134,444168,444207,444241,444273,444311,444348,444354,444404,444437,444463,444486
444530,444553,444581,444621,444666,444704,444726,444761,444795,444812,444852,444890,444923,444952,444984,445011,445029,445082,445118,445128,445183,445193,445239,445260,445299,445325,445367,445406,445416,445461,445499,445511,445553,445589,445632,445657,445672,445700,445750,445787,445806,445827,445863,445918,445932,445958,445998,446021,446058,446109
195636,446130,446163,446187,446213,446270,446300,446316,446368,446389,446427,446455,446477,446514,446555,446584,446605,446645,446679,446715,446748,446760,446796,446818,446869,446903,446920,446969,446989,447026,447053,447095,447133,447167,447171,447220,447249,447266,447319,447351,447383,447406,447430,447476,447510,447547,447579,447604,447642,447663
447709,447731,447769,447807,447819,447856,447885,447923,447937,447990,448011,448047,448067,448122,448153,448178,448201,448228,448266,448319,448321,448374,448405,448418,448465,448495,448518,448564,448595,448628,448663,448678,448735,448767,448781,448802,448864,448883,448900,448948,448981,449017,449040,449073,449089,449138,449154,449216,449222,449257
115222,449284,449338,449375,449397,449414,449443,449499,449526,449543,449571,449628,449660,449678,449724,449745,449766,449823,449830,449871,449917,449921,449958,450010,450025,450073,450101,450126,450161,450187,450212,450268,450283,450312,450339,450384,450407,450448,450484,450500,450546,450576,450618,450638,450673,450711,450750,450772,450808,450817
450855,450912,450914,450970,451007,451021,451050,451093,451107,451139,451190,451226,451242,451289,451325,451345,451378,451421,451443,451461,451491,451536,451560,451598,451634,451660,451682,451738,451771,451798,451828,451860,451890,451918,451941,451994,452002,452040,452092,452108,452139,452178,452207,452241,452269,452305,452345,452374,452415,452424
426593,350029,426120,124335,452474,452486,452517,452563,452592,452629,452652,452697,452731,452749,452786,452811,452858,452882,452919,452938,452979,453003,453056,453059,453120,453141,453155,453195,453224,453260,453307,453319,453349,453385,453436,453442,453480,453522,453549,453589,453612,453640,453690,453716,453746,453768,453821,453838,453869,453905
217399,453926,453959,454004,454046,454060,454108,454118,454169,454179,454220,454251,454299,454308,454349,454376,454427,454450,454469,454528,454542,454575,454609,454646,454668,454714,454744,454753,454788,454846,454863,454898,454915,454957,455004,455025,455064,455076,455125,455138,455180,455202,455239,455288,455312,455348,455386,455404,455439,455479
455504,455528,455554,455599,455630,455649,455710,455723,455746,455791,455834,455854,455881,455911,455958,455971,456030,456059,456069,456101,456147,456180,456196,456229,456258,456313,456322,456354,456411,456446,456469,456481,456539,456552,456598,456626,456650,456674,456728,456747,456784,456826,456837,456888,456903,456939,456967,456995,457054,457066
457094,457122,457167,457207,457230,457274,457288,457327,457364,457387,457431,457449,457493,457511,457555,457572,457609,457662,457677,457726,457749,457772,457819,457825,457884,457893,457925,457964,458008,458035,458051,458093,458127,458150,458189,458237,458252,458279,458307,458360,458382,458401,458444,458473,458498,458547,458586,458618,458655,458681
